6,2017,8,0010
6,2017,8,9908
6,2017,8,0015
6,2017,8,0010
6,2017,8,9908
6,2017,8,0015
6,2017,8,0010
6,2017,8,9908
6,2017,8,0015
6,2017,8,0010
6,2017,8,9908
6,2017,8,0015
6,2017,8,0010
6,2017,8,9908
6,2017,8,0015
6,2017,8,0010
6,2017,8,9908
6,2017,8,0015
6,2017,8,0010
6,2017,8,9908
6,2017,8,0015
6,2017,8,0010
6,2017,8,9908
6,2017,8,0015
6,2017,8,0010
6,2017,8,9908
6,2017,8,0015
6,2017,8,0010
6,2017,8,9908
6,2017,8,0015
6,2017,8,0010
6,2017,8,9908
6,2017,8,0015
6,2017,8,0010
6,2017,8,9908
6,2017,8,0015
