5,2017,236,0001
5,2017,236,0002
6,2017,31,0125
6,2017,301,0002
6,2017,301,0001
6,2017,6,0324
5,2017,236,0001
5,2017,236,0002
6,2017,31,0125
6,2017,301,0002
6,2017,301,0001
6,2017,6,0324
5,2017,236,0001
5,2017,236,0002
6,2017,31,0125
6,2017,301,0002
6,2017,301,0001
6,2017,6,0324
5,2017,236,0001
5,2017,236,0002
6,2017,31,0125
6,2017,301,0002
6,2017,301,0001
6,2017,6,0324
5,2017,236,0001
5,2017,236,0002
6,2017,31,0125
6,2017,301,0002
6,2017,301,0001
6,2017,6,0324
5,2017,236,0001
5,2017,236,0002
6,2017,31,0125
6,2017,301,0002
6,2017,301,0001
6,2017,6,0324
5,2017,236,0001
5,2017,236,0002
6,2017,31,0125
6,2017,301,0002
6,2017,301,0001
6,2017,6,0324
5,2017,236,0001
5,2017,236,0002
6,2017,31,0125
6,2017,301,0002
6,2017,301,0001
6,2017,6,0324
5,2017,236,0001
5,2017,236,0002
6,2017,31,0125
6,2017,301,0002
6,2017,301,0001
6,2017,6,0324
5,2017,236,0001
5,2017,236,0002
6,2017,31,0125
6,2017,301,0002
6,2017,301,0001
6,2017,6,0324
5,2017,236,0001
5,2017,236,0002
6,2017,31,0125
6,2017,301,0002
6,2017,301,0001
6,2017,6,0324
5,2017,236,0001
5,2017,236,0002
6,2017,31,0125
6,2017,301,0002
6,2017,301,0001
6,2017,6,0324
5,2017,236,0001
5,2017,236,0002
6,2017,31,0125
6,2017,301,0002
6,2017,301,0001
6,2017,6,0324
5,2017,236,0001
5,2017,236,0002
6,2017,31,0125
6,2017,301,0002
6,2017,301,0001
6,2017,6,0324
5,2017,236,0001
5,2017,236,0002
6,2017,31,0125
6,2017,301,0002
6,2017,301,0001
6,2017,6,0324
5,2017,236,0001
5,2017,236,0002
6,2017,31,0125
6,2017,301,0002
6,2017,301,0001
6,2017,6,0324
5,2017,236,0001
5,2017,236,0002
6,2017,31,0125
6,2017,301,0002
6,2017,301,0001
6,2017,6,0324
5,2017,236,0001
5,2017,236,0002
6,2017,31,0125
6,2017,301,0002
6,2017,301,0001
6,2017,6,0324
5,2017,236,0001
5,2017,236,0002
6,2017,31,0125
6,2017,301,0002
6,2017,301,0001
6,2017,6,0324
5,2017,236,0001
5,2017,236,0002
6,2017,31,0125
6,2017,301,0002
6,2017,301,0001
6,2017,6,0324
5,2017,236,0001
5,2017,236,0002
6,2017,31,0125
6,2017,301,0002
6,2017,301,0001
6,2017,6,0324
5,2017,236,0001
5,2017,236,0002
6,2017,31,0125
6,2017,301,0002
6,2017,301,0001
6,2017,6,0324
5,2017,236,0001
5,2017,236,0002
6,2017,31,0125
6,2017,301,0002
6,2017,301,0001
6,2017,6,0324
5,2017,236,0001
5,2017,236,0002
6,2017,31,0125
6,2017,301,0002
6,2017,301,0001
6,2017,6,0324
5,2017,236,0001
5,2017,236,0002
6,2017,31,0125
6,2017,301,0002
6,2017,301,0001
6,2017,6,0324
5,2017,236,0001
5,2017,236,0002
6,2017,31,0125
6,2017,301,0002
6,2017,301,0001
6,2017,6,0324
5,2017,236,0001
5,2017,236,0002
6,2017,31,0125
6,2017,301,0002
6,2017,301,0001
6,2017,6,0324
5,2017,236,0001
5,2017,236,0002
6,2017,31,0125
6,2017,301,0002
6,2017,301,0001
6,2017,6,0324
5,2017,236,0001
5,2017,236,0002
6,2017,31,0125
6,2017,301,0002
6,2017,301,0001
6,2017,6,0324
5,2017,236,0001
5,2017,236,0002
6,2017,31,0125
6,2017,301,0002
6,2017,301,0001
6,2017,6,0324
5,2017,236,0001
5,2017,236,0002
6,2017,31,0125
6,2017,301,0002
6,2017,301,0001
6,2017,6,0324
5,2017,236,0001
5,2017,236,0002
6,2017,31,0125
6,2017,301,0002
6,2017,301,0001
6,2017,6,0324
5,2017,236,0001
5,2017,236,0002
6,2017,31,0125
6,2017,301,0002
6,2017,301,0001
6,2017,6,0324
5,2017,236,0001
5,2017,236,0002
6,2017,31,0125
6,2017,301,0002
6,2017,301,0001
6,2017,6,0324
5,2017,236,0001
5,2017,236,0002
6,2017,31,0125
6,2017,301,0002
6,2017,301,0001
6,2017,6,0324
5,2017,236,0001
5,2017,236,0002
6,2017,31,0125
6,2017,301,0002
6,2017,301,0001
6,2017,6,0324
