6,2017,42,4510
6,2017,42,4505
6,2017,32,0621
6,2017,42,4510
6,2017,42,4505
6,2017,32,0621
6,2017,42,4510
6,2017,42,4505
6,2017,32,0621
6,2017,42,4510
6,2017,42,4505
6,2017,32,0621
6,2017,42,4510
6,2017,42,4505
6,2017,32,0621
6,2017,42,4510
6,2017,42,4505
6,2017,32,0621
6,2017,42,4510
6,2017,42,4505
6,2017,32,0621
6,2017,42,4510
6,2017,42,4505
6,2017,32,0621
6,2017,42,4510
6,2017,42,4505
6,2017,32,0621
6,2017,42,4510
6,2017,42,4505
6,2017,32,0621
6,2017,42,4510
6,2017,42,4505
6,2017,32,0621
6,2017,42,4510
6,2017,42,4505
6,2017,32,0621
6,2017,42,4510
6,2017,42,4505
6,2017,32,0621
6,2017,42,4510
6,2017,42,4505
6,2017,32,0621
6,2017,42,4510
6,2017,42,4505
6,2017,32,0621
6,2017,42,4510
6,2017,42,4505
6,2017,32,0621
6,2017,42,4510
6,2017,42,4505
6,2017,32,0621
6,2017,42,4510
6,2017,42,4505
6,2017,32,0621
6,2017,42,4510
6,2017,42,4505
6,2017,32,0621
6,2017,42,4510
6,2017,42,4505
6,2017,32,0621
6,2017,42,4510
6,2017,42,4505
6,2017,32,0621
6,2017,42,4510
6,2017,42,4505
6,2017,32,0621
6,2017,42,4510
6,2017,42,4505
6,2017,32,0621
6,2017,42,4510
6,2017,42,4505
6,2017,32,0621
6,2017,42,4510
6,2017,42,4505
6,2017,32,0621
6,2017,42,4510
6,2017,42,4505
6,2017,32,0621
6,2017,42,4510
6,2017,42,4505
6,2017,32,0621
6,2017,42,4510
6,2017,42,4505
6,2017,32,0621
6,2017,42,4510
6,2017,42,4505
6,2017,32,0621
6,2017,42,4510
6,2017,42,4505
6,2017,32,0621
6,2017,42,4510
6,2017,42,4505
6,2017,32,0621
6,2017,42,4510
6,2017,42,4505
6,2017,32,0621
6,2017,42,4510
6,2017,42,4505
6,2017,32,0621
6,2017,42,4510
6,2017,42,4505
6,2017,32,0621
6,2017,42,4510
6,2017,42,4505
6,2017,32,0621
6,2017,42,4510
6,2017,42,4505
6,2017,32,0621
6,2017,42,4510
6,2017,42,4505
6,2017,32,0621
6,2017,42,4510
6,2017,42,4505
6,2017,32,0621
6,2017,42,4510
6,2017,42,4505
6,2017,32,0621
6,2017,42,4510
6,2017,42,4505
6,2017,32,0621
6,2017,42,4510
6,2017,42,4505
6,2017,32,0621
6,2017,42,4510
6,2017,42,4505
6,2017,32,0621
6,2017,42,4510
6,2017,42,4505
6,2017,32,0621
6,2017,42,4510
6,2017,42,4505
6,2017,32,0621
6,2017,42,4510
6,2017,42,4505
6,2017,32,0621
6,2017,42,4510
6,2017,42,4505
6,2017,32,0621
6,2017,42,4510
6,2017,42,4505
6,2017,32,0621
6,2017,42,4510
6,2017,42,4505
6,2017,32,0621
6,2017,42,4510
6,2017,42,4505
6,2017,32,0621
6,2017,42,4510
6,2017,42,4505
6,2017,32,0621
6,2017,42,4510
6,2017,42,4505
6,2017,32,0621
6,2017,42,4510
6,2017,42,4505
6,2017,32,0621
6,2017,42,4510
6,2017,42,4505
6,2017,32,0621
6,2017,42,4510
6,2017,42,4505
6,2017,32,0621
6,2017,42,4510
6,2017,42,4505
6,2017,32,0621
6,2017,42,4510
6,2017,42,4505
6,2017,32,0621
6,2017,42,4510
6,2017,42,4505
6,2017,32,0621
6,2017,42,4510
6,2017,42,4505
6,2017,32,0621
6,2017,42,4510
6,2017,42,4505
6,2017,32,0621
6,2017,42,4510
6,2017,42,4505
6,2017,32,0621
6,2017,42,4510
6,2017,42,4505
6,2017,32,0621
6,2017,42,4510
6,2017,42,4505
6,2017,32,0621
6,2017,42,4510
6,2017,42,4505
6,2017,32,0621
