1153,2542204,20109,0.947368,-1,-1,1,-1,-1,1,0,,-1,2015-12-13 11:00:42,0.0,0.0,12003
1152,2542205,14274,1.11404,-1,-1,1,-1,-1,1,0,,-1,2015-12-13 10:47:46,0.0,0.0,12003
1035,2542206,2038,0,-1,-1,1,-1,-1,1,0,,-1,2015-12-13 08:26:18,0.0,0.0,12003
1036,2542206,2038,0,-1,-1,1,-1,-1,1,0,desconectado,-1,2015-12-13 08:26:47,0.0,0.0,12003
1030,2542207,12623,0.90678,-1,-1,1,-1,-1,1,0,,-1,2015-12-13 08:19:02,0.0,0.0,12003
1029,2542208,34876,1.19116,-1,-1,1,-1,-1,1,0,,-1,2015-12-13 08:16:03,0.0,0.0,12003
1028,2542209,2242,1.10523,-1,-1,1,-1,-1,1,0,,-1,2015-12-13 08:15:42,0.0,0.0,12003
1031,2542210,15864,1.15315,-1,-1,1,-1,-1,1,0,,-1,2015-12-13 08:23:17,0.0,0.0,12003
1032,2542211,8808,1.13953,-1,-1,1,-1,-1,1,0,,-1,2015-12-13 08:24:29,0.0,0.0,12003
1033,2542212,7891,1.33333,-1,-1,1,-1,-1,1,0,,-1,2015-12-13 08:25:02,0.0,0.0,12003
1034,2542212,7891,1.33333,-1,-1,1,-1,-1,1,0,,-1,2015-12-13 08:25:14,0.0,0.0,12003
1041,2542213,6410,1.13953,-1,-1,1,-1,-1,1,0,,-1,2015-12-13 08:30:26,0.0,0.0,12003
1023,2542214,2910,0.438596,-1,-1,1,-1,-1,1,0,,-1,2015-12-13 08:12:01,0.0,0.0,12003
1024,2542214,2910,0.438596,-1,-1,1,-1,-1,1,0,,-1,2015-12-13 08:12:14,0.0,0.0,12003
1042,2542215,8723,1.59259,-1,-1,1,-1,-1,1,0,,-1,2015-12-13 08:31:05,0.0,0.0,12003
1043,2542215,8723,1.59259,-1,-1,1,-1,-1,1,0,,-1,2015-12-13 08:31:19,0.0,0.0,12003
1018,2542216,1604,0.91453,-1,-1,1,-1,-1,1,0,,-1,2015-12-13 08:07:35,0.0,0.0,12003
1039,2542217,12565,1.7907,-1,-1,1,-1,-1,1,0,,-1,2015-12-13 08:29:31,0.0,0.0,12003
1040,2542217,12565,1.7907,-1,-1,1,-1,-1,1,0,,-1,2015-12-13 08:29:41,0.0,0.0,12003
1044,2542218,7567,1.54028,-1,-1,1,-1,-1,1,0,,-1,2015-12-13 08:33:51,0.0,0.0,12003
1045,2542218,7567,1.54028,-1,-1,1,-1,-1,1,0,,-1,2015-12-13 08:34:01,0.0,0.0,12003
1037,2542219,2820,1.88652,-1,-1,1,-1,-1,1,0,,-1,2015-12-13 08:28:24,0.0,0.0,12003
1038,2542219,2820,1.88652,-1,-1,1,-1,-1,1,0,,-1,2015-12-13 08:28:35,0.0,0.0,12003
1046,2542220,139,0,-1,-1,1,-1,-1,1,0,,-1,2015-12-13 08:34:49,0.0,0.0,12003
1047,2542220,139,0,-1,-1,1,-1,-1,1,0,sin acometida,-1,2015-12-13 08:35:11,0.0,0.0,12003
1048,2542221,4586,1.37,-1,-1,1,-1,-1,1,0, ,-1,2015-12-13 08:36:01,0.0,0.0,12003
1049,2542221,4586,1.37,-1,-1,1,-1,-1,1,0, ,-1,2015-12-13 08:36:12,0.0,0.0,12003
1050,2542222,12342,1.58621,-1,-1,1,-1,-1,1,0,,-1,2015-12-13 08:36:32,0.0,0.0,12003
1051,2542222,12342,1.58621,-1,-1,1,-1,-1,1,0,,-1,2015-12-13 08:36:43,0.0,0.0,12003
1052,2542223,7655,1.68254,-1,-1,1,-1,-1,1,0,,-1,2015-12-13 08:37:48,0.0,0.0,12003
1053,2542223,7655,1.68254,-1,-1,1,-1,-1,1,0,,-1,2015-12-13 08:38:01,0.0,0.0,12003
1054,2542224,15014,0.377451,-1,-1,1,-1,-1,1,0,,-1,2015-12-13 08:40:43,0.0,0.0,12003
1055,2542224,15014,0.377451,-1,-1,1,-1,-1,1,0,,-1,2015-12-13 08:41:05,0.0,0.0,12003
1056,2542225,18736,1.73797,-1,-1,1,-1,-1,1,0,,-1,2015-12-13 08:42:50,0.0,0.0,12003
1057,2542225,18736,1.73797,-1,-1,1,-1,-1,1,0,,-1,2015-12-13 08:43:02,0.0,0.0,12003
1058,2542226,2958,2.875,-1,-1,1,-1,-1,1,0,,-1,2015-12-13 08:43:57,0.0,0.0,12003
1059,2542226,2958,2.875,-1,-1,1,-1,-1,1,0,opaco rayadi,-1,2015-12-13 08:44:18,0.0,0.0,12003
1060,2542227,2135,0.448,-1,-1,1,-1,-1,1,0,,-1,2015-12-13 08:44:44,0.0,0.0,12003
1061,2542227,2135,0.448,-1,-1,1,-1,-1,1,0,,-1,2015-12-13 08:45:00,0.0,0.0,12003
1072,2542228,2548,1.47643,-1,-1,1,-1,-1,1,0,,-1,2015-12-13 08:50:41,0.0,0.0,12003
1073,2542228,2548,1.47643,-1,-1,1,-1,-1,1,0,,-1,2015-12-13 08:50:53,0.0,0.0,12003
1062,2542229,7245,1.21605,-1,-1,1,-1,-1,1,0,,-1,2015-12-13 08:45:30,0.0,0.0,12003
1063,2542230,2475,6.45454,-1,-1,1,-1,-1,1,0,,-1,2015-12-13 08:46:23,0.0,0.0,12003
1064,2542230,2475,6.45454,-1,-1,1,-1,-1,1,0,,-1,2015-12-13 08:46:34,0.0,0.0,12003
988,2542231,3630,0.851064,-1,-1,1,-1,-1,1,0,,-1,2015-12-13 07:35:35,0.0,0.0,12003
1065,2542232,5866,0.678571,-1,-1,1,-1,-1,1,0,,-1,2015-12-13 08:47:03,0.0,0.0,12003
1066,2542232,5866,0.678571,-1,-1,1,-1,-1,1,0,,-1,2015-12-13 08:47:14,0.0,0.0,12003
1067,2542233,3244,1.09091,-1,-1,1,-1,-1,1,0,,-1,2015-12-13 08:47:44,0.0,0.0,12003
1068,2542234,4989,0,-1,-1,1,-1,-1,1,0,,-1,2015-12-13 08:48:24,0.0,0.0,12003
1069,2542234,4989,0,-1,-1,1,-1,-1,1,0,,-1,2015-12-13 08:48:36,0.0,0.0,12003
1074,2542235,5807,1.22656,-1,-1,1,-1,-1,1,0,,-1,2015-12-13 08:51:37,0.0,0.0,12003
1070,2542236,7174,5,-1,-1,1,-1,-1,1,0,,-1,2015-12-13 08:49:52,0.0,0.0,12003
1071,2542236,7174,5,-1,-1,1,-1,-1,1,0,,-1,2015-12-13 08:50:12,0.0,0.0,12003
1075,2542237,4525,0,-1,-1,1,-1,-1,1,0,,-1,2015-12-13 08:52:21,0.0,0.0,12003
1076,2542237,4525,0,-1,-1,1,-1,-1,1,34,,-1,2015-12-13 08:52:39,0.0,0.0,12003
1079,2542238,18563,1.23958,-1,-1,1,-1,-1,1,0,,-1,2015-12-13 08:54:05,0.0,0.0,12003
1080,2542239,10258,0.876289,-1,-1,1,-1,-1,1,0,,-1,2015-12-13 08:55:03,0.0,0.0,12003
1077,2542240,20131,1.45217,-1,-1,1,-1,-1,1,0,,-1,2015-12-13 08:53:24,0.0,0.0,12003
1078,2542240,20131,1.45217,-1,-1,1,-1,-1,1,0,,-1,2015-12-13 08:53:37,0.0,0.0,12003
1081,2542241,21522,0.995516,-1,-1,1,-1,-1,1,0,,-1,2015-12-13 08:57:19,0.0,0.0,12003
1082,2542242,10654,1.11828,-1,-1,1,-1,-1,1,0,,-1,2015-12-13 08:57:47,0.0,0.0,12003
1083,2542243,9295,1.77778,-1,-1,1,-1,-1,1,0,,-1,2015-12-13 08:58:35,0.0,0.0,12003
1084,2542243,9295,1.77778,-1,-1,1,-1,-1,1,0,,-1,2015-12-13 08:58:49,0.0,0.0,12003
1085,2542244,13704,1.18471,-1,-1,1,-1,-1,1,0,,-1,2015-12-13 08:59:13,0.0,0.0,12003
1086,2542245,3105,0,-1,-1,1,-1,-1,1,0,,-1,2015-12-13 09:00:13,0.0,0.0,12003
1087,2542245,3105,0,-1,-1,1,-1,-1,1,34,,-1,2015-12-13 09:00:37,0.0,0.0,12003
1090,2542246,2989,4.0625,-1,-1,1,-1,-1,1,0,,-1,2015-12-13 09:03:33,0.0,0.0,12003
1091,2542246,2989,4.0625,-1,-1,1,-1,-1,1,0,,-1,2015-12-13 09:03:43,0.0,0.0,12003
1092,2542247,7050,1.34711,-1,-1,1,-1,-1,1,0,,-1,2015-12-13 09:05:03,0.0,0.0,12003
1093,2542247,7050,1.34711,-1,-1,1,-1,-1,1,0,,-1,2015-12-13 09:05:13,0.0,0.0,12003
1094,2542248,3899,3.51852,-1,-1,1,-1,-1,1,0,,-1,2015-12-13 09:06:20,0.0,0.0,12003
1095,2542248,3899,3.51852,-1,-1,1,-1,-1,1,0,,-1,2015-12-13 09:06:30,0.0,0.0,12003
1096,2542249,6140,1.6129,-1,-1,1,-1,-1,1,0,,-1,2015-12-13 09:08:26,0.0,0.0,12003
1097,2542249,6140,1.6129,-1,-1,1,-1,-1,1,0,,-1,2015-12-13 09:08:40,0.0,0.0,12003
1098,2542250,11608,0,-1,-1,1,-1,-1,1,0,,-1,2015-12-13 09:09:23,0.0,0.0,12003
1099,2542250,11608,0,-1,-1,1,-1,-1,1,0,cortado,-1,2015-12-13 09:09:44,0.0,0.0,12003
979,2542251,4823,1.33333,-1,-1,1,-1,-1,1,0,,-1,2015-12-13 07:06:57,0.0,0.0,12003
980,2542251,4829,1.73333,-1,-1,1,-1,-1,1,0,,-1,2015-12-13 07:07:22,0.0,0.0,12003
981,2542251,4829,1.73333,-1,-1,1,-1,-1,1,0,,-1,2015-12-13 07:07:35,0.0,0.0,12003
982,2542252,5294,1.30534,-1,-1,1,-1,-1,1,0,,-1,2015-12-13 07:08:23,0.0,0.0,12003
983,2542252,5294,1.30534,-1,-1,1,-1,-1,1,0,,-1,2015-12-13 07:08:36,0.0,0.0,12003
1114,2542253,6597,1.21519,-1,-1,1,-1,-1,1,0,,-1,2015-12-13 09:26:35,0.0,0.0,12003
976,2542254,-1,1,-1,-1,1,-1,-1,1,3,lec 210,-1,2015-12-13 07:04:07,0.0,0.0,12003
977,2542255,2519,1.38596,-1,-1,1,-1,-1,1,0,,-1,2015-12-13 07:05:14,0.0,0.0,12003
978,2542255,2519,1.38596,-1,-1,1,-1,-1,1,0,,-1,2015-12-13 07:05:26,0.0,0.0,12003
1115,2542256,7718,1.61438,-1,-1,1,-1,-1,1,0,,-1,2015-12-13 09:27:25,0.0,0.0,12003
1116,2542256,7718,1.61438,-1,-1,1,-1,-1,1,0,,-1,2015-12-13 09:27:38,0.0,0.0,12003
1113,2542257,6618,1.1619,-1,-1,1,-1,-1,1,0,,-1,2015-12-13 09:25:45,0.0,0.0,12003
1111,2542258,5945,0,-1,-1,1,-1,-1,1,0,,-1,2015-12-13 09:24:19,0.0,0.0,12003
1112,2542258,5945,0,-1,-1,1,-1,-1,1,0,cortado,-1,2015-12-13 09:24:38,0.0,0.0,12003
1109,2542259,245,-1000000,-1,-1,1,-1,-1,1,0,,-1,2015-12-13 09:23:41,0.0,0.0,12003
1110,2542259,245,-1000000,-1,-1,1,-1,-1,1,0,,-1,2015-12-13 09:23:51,0.0,0.0,12003
1107,2542260,1548,1.32203,-1,-1,1,-1,-1,1,0,,-1,2015-12-13 09:23:04,0.0,0.0,12003
1108,2542260,1548,1.32203,-1,-1,1,-1,-1,1,0,,-1,2015-12-13 09:23:15,0.0,0.0,12003
1104,2542261,6446,2000000,-1,-1,1,-1,-1,1,0,,-1,2015-12-13 09:15:47,0.0,0.0,12003
1105,2542261,6446,2000000,-1,-1,1,-1,-1,1,0,,-1,2015-12-13 09:15:57,0.0,0.0,12003
1103,2542262,7998,1.11111,-1,-1,1,-1,-1,1,0,,-1,2015-12-13 09:14:53,0.0,0.0,12003
1102,2542263,8936,0.930556,-1,-1,1,-1,-1,1,0,,-1,2015-12-13 09:13:43,0.0,0.0,12003
1100,2542264,5818,2.71429,-1,-1,1,-1,-1,1,0,,-1,2015-12-13 09:12:08,0.0,0.0,12003
1101,2542264,5818,2.71429,-1,-1,1,-1,-1,1,0,,-1,2015-12-13 09:12:23,0.0,0.0,12003
1118,2542265,31604,1.04667,-1,-1,1,-1,-1,1,0,,-1,2015-12-13 10:06:44,0.0,0.0,12003
1119,2542266,1073,1.42857,-1,-1,1,-1,-1,1,0,,-1,2015-12-13 10:07:33,0.0,0.0,12003
1120,2542266,1073,1.42857,-1,-1,1,-1,-1,1,0,,-1,2015-12-13 10:07:45,0.0,0.0,12003
1121,2542267,19056,1.07348,-1,-1,1,-1,-1,1,0,,-1,2015-12-13 10:08:36,0.0,0.0,12003
1122,2542268,13885,1.78387,-1,-1,1,-1,-1,1,0,,-1,2015-12-13 10:10:21,0.0,0.0,12003
1123,2542268,13885,1.78387,-1,-1,1,-1,-1,1,0,,-1,2015-12-13 10:10:48,0.0,0.0,12003
1124,2542269,982,3.5,-1,-1,1,-1,-1,1,0,,-1,2015-12-13 10:12:06,0.0,0.0,12003
1125,2542269,982,3.5,-1,-1,1,-1,-1,1,0,,-1,2015-12-13 10:12:20,0.0,0.0,12003
1126,2542270,9172,0.508333,-1,-1,1,-1,-1,1,0,,-1,2015-12-13 10:13:02,0.0,0.0,12003
1127,2542270,9172,0.508333,-1,-1,1,-1,-1,1,0,,-1,2015-12-13 10:13:15,0.0,0.0,12003
1128,2542271,3021,1.96825,-1,-1,1,-1,-1,1,0,,-1,2015-12-13 10:14:07,0.0,0.0,12003
1129,2542271,3021,1.96825,-1,-1,1,-1,-1,1,0,,-1,2015-12-13 10:14:18,0.0,0.0,12003
1130,2542272,4719,1.20238,-1,-1,1,-1,-1,1,0,,-1,2015-12-13 10:15:14,0.0,0.0,12003
1131,2542273,7210,2.59615,-1,-1,1,-1,-1,1,0,,-1,2015-12-13 10:15:59,0.0,0.0,12003
1132,2542273,7218,2.75,-1,-1,1,-1,-1,1,0,,-1,2015-12-13 10:16:14,0.0,0.0,12003
1133,2542273,7210,2.59615,-1,-1,1,-1,-1,1,0,,-1,2015-12-13 10:16:20,0.0,0.0,12003
1134,2542274,8447,2.24074,-1,-1,1,-1,-1,1,0,,-1,2015-12-13 10:16:53,0.0,0.0,12003
1135,2542274,8447,2.24074,-1,-1,1,-1,-1,1,0,,-1,2015-12-13 10:17:04,0.0,0.0,12003
1136,2542275,9548,0.218667,-1,-1,1,-1,-1,1,0,,-1,2015-12-13 10:18:25,0.0,0.0,12003
1137,2542275,9548,0.218667,-1,-1,1,-1,-1,1,0,borroso,-1,2015-12-13 10:18:53,0.0,0.0,12003
1143,2542276,2605,0.944444,-1,-1,1,-1,-1,1,0,,-1,2015-12-13 10:23:39,0.0,0.0,12003
1138,2542277,13842,1.1028,-1,-1,1,-1,-1,1,0,,-1,2015-12-13 10:19:47,0.0,0.0,12003
1139,2542278,1459,0,-1,-1,1,-1,-1,1,0,,-1,2015-12-13 10:21:08,0.0,0.0,12003
1140,2542278,1459,0,-1,-1,1,-1,-1,1,34,,-1,2015-12-13 10:21:32,0.0,0.0,12003
1141,2542279,5547,1.3617,-1,-1,1,-1,-1,1,0,,-1,2015-12-13 10:22:46,0.0,0.0,12003
1142,2542279,5547,1.3617,-1,-1,1,-1,-1,1,0,,-1,2015-12-13 10:23:03,0.0,0.0,12003
1144,2542280,13430,1.13913,-1,-1,1,-1,-1,1,0,,-1,2015-12-13 10:24:46,0.0,0.0,12003
1145,2542281,11335,1.30233,-1,-1,1,-1,-1,1,0,,-1,2015-12-13 10:25:20,0.0,0.0,12003
1146,2542281,11335,1.30233,-1,-1,1,-1,-1,1,0,,-1,2015-12-13 10:25:34,0.0,0.0,12003
1147,2542282,8996,1.30233,-1,-1,1,-1,-1,1,0,,-1,2015-12-13 10:26:37,0.0,0.0,12003
1148,2542282,8996,1.30233,-1,-1,1,-1,-1,1,0,,-1,2015-12-13 10:26:52,0.0,0.0,12003
1149,2542283,4781,1.02113,-1,-1,1,-1,-1,1,0,,-1,2015-12-13 10:29:18,0.0,0.0,12003
1014,2542284,14932,1.5,-1,-1,1,-1,-1,1,0,,-1,2015-12-13 08:05:05,0.0,0.0,12003
1015,2542284,14932,1.5,-1,-1,1,-1,-1,1,0,,-1,2015-12-13 08:05:20,0.0,0.0,12003
1010,2542285,2063,0.544444,-1,-1,1,-1,-1,1,0,,-1,2015-12-13 08:01:54,0.0,0.0,12003
1011,2542285,2063,0.544444,-1,-1,1,-1,-1,1,0,,-1,2015-12-13 08:02:09,0.0,0.0,12003
1025,2542286,6429,1.07116,-1,-1,1,-1,-1,1,0,,-1,2015-12-13 08:13:27,0.0,0.0,12003
1012,2542287,6905,4.07692,-1,-1,1,-1,-1,1,0,,-1,2015-12-13 08:03:28,0.0,0.0,12003
1013,2542287,6905,4.07692,-1,-1,1,-1,-1,1,0,,-1,2015-12-13 08:03:40,0.0,0.0,12003
1016,2542288,1864,2.25,-1,-1,1,-1,-1,1,0,,-1,2015-12-13 08:05:53,0.0,0.0,12003
1017,2542288,1864,2.25,-1,-1,1,-1,-1,1,0,,-1,2015-12-13 08:06:05,0.0,0.0,12003
1019,2542289,66879,1.42795,-1,-1,1,-1,-1,1,0,,-1,2015-12-13 08:08:58,0.0,0.0,12003
1020,2542289,66879,1.42795,-1,-1,1,-1,-1,1,0,,-1,2015-12-13 08:09:23,0.0,0.0,12003
1021,2542290,584,0,-1,-1,1,-1,-1,1,0,,-1,2015-12-13 08:10:30,0.0,0.0,12003
1022,2542290,584,0,-1,-1,1,-1,-1,1,0,,-1,2015-12-13 08:10:42,0.0,0.0,12003
1009,2542291,3930,1.14062,-1,-1,1,-1,-1,1,0,,-1,2015-12-13 08:01:05,0.0,0.0,12003
1008,2542292,5967,1.03571,-1,-1,1,-1,-1,1,0,,-1,2015-12-13 08:00:37,0.0,0.0,12003
1006,2542293,3463,1.63793,-1,-1,1,-1,-1,1,0,,-1,2015-12-13 07:49:44,0.0,0.0,12003
1007,2542293,3463,1.63793,-1,-1,1,-1,-1,1,0,,-1,2015-12-13 07:49:58,0.0,0.0,12003
1005,2542294,6777,0.955752,-1,-1,1,-1,-1,1,0,,-1,2015-12-13 07:49:11,0.0,0.0,12003
1003,2542295,4944,0,-1,-1,1,-1,-1,1,0,,-1,2015-12-13 07:48:11,0.0,0.0,12003
1004,2542295,4944,0,-1,-1,1,-1,-1,1,0,,-1,2015-12-13 07:48:26,0.0,0.0,12003
1026,2542296,220,1.54167,-1,-1,1,-1,-1,1,0,,-1,2015-12-13 08:14:22,0.0,0.0,12003
1027,2542296,220,1.54167,-1,-1,1,-1,-1,1,0,,-1,2015-12-13 08:14:34,0.0,0.0,12003
991,2542297,9951,0.655172,-1,-1,1,-1,-1,1,0,,-1,2015-12-13 07:37:52,0.0,0.0,12003
992,2542297,9951,0.655172,-1,-1,1,-1,-1,1,0,,-1,2015-12-13 07:38:16,0.0,0.0,12003
989,2542298,3545,1000000,-1,-1,1,-1,-1,1,0,,-1,2015-12-13 07:36:37,0.0,0.0,12003
990,2542298,3545,1000000,-1,-1,1,-1,-1,1,0,,-1,2015-12-13 07:36:52,0.0,0.0,12003
1106,2542299,3894,1.15814,-1,-1,1,-1,-1,1,0,,-1,2015-12-13 09:16:37,0.0,0.0,12003
1001,2542300,10059,1.83607,-1,-1,1,-1,-1,1,0,,-1,2015-12-13 07:47:04,0.0,0.0,12003
1002,2542300,10059,1.83607,-1,-1,1,-1,-1,1,0,,-1,2015-12-13 07:47:16,0.0,0.0,12003
1000,2542301,7783,1.125,-1,-1,1,-1,-1,1,0,,-1,2015-12-13 07:46:36,0.0,0.0,12003
1088,2542302,18881,1.83929,-1,-1,1,-1,-1,1,0,,-1,2015-12-13 09:01:05,0.0,0.0,12003
1089,2542302,18881,1.83929,-1,-1,1,-1,-1,1,0,,-1,2015-12-13 09:01:23,0.0,0.0,12003
999,2542303,1498,0.944444,-1,-1,1,-1,-1,1,0,,-1,2015-12-13 07:45:33,0.0,0.0,12003
996,2542304,6569,-90000000,-1,-1,1,-1,-1,1,0,,-1,2015-12-13 07:44:12,0.0,0.0,12003
997,2542304,6659,0,-1,-1,1,-1,-1,1,0,,-1,2015-12-13 07:44:41,0.0,0.0,12003
998,2542304,6659,0,-1,-1,1,-1,-1,1,0,,-1,2015-12-13 07:44:46,0.0,0.0,12003
1150,2542305,13842,1.5625,-1,-1,1,-1,-1,1,0,,-1,2015-12-13 10:32:42,0.0,0.0,12003
1151,2542305,13842,1.5625,-1,-1,1,-1,-1,1,0,,-1,2015-12-13 10:32:56,0.0,0.0,12003
993,2542306,487,1.13924,-1,-1,1,-1,-1,1,0,,-1,2015-12-13 07:40:06,0.0,0.0,12003
995,2542307,423,1.11364,-1,-1,1,-1,-1,1,0,,-1,2015-12-13 07:43:05,0.0,0.0,12003
986,2542308,-1,1,-1,-1,1,-1,-1,1,33,,-1,2015-12-13 07:17:20,0.0,0.0,12003
984,2542309,18385,1.5,-1,-1,1,-1,-1,1,0,,-1,2015-12-13 07:10:43,0.0,0.0,12003
985,2542309,18385,1.5,-1,-1,1,-1,-1,1,0,,-1,2015-12-13 07:10:59,0.0,0.0,12003
994,2542310,2393,1.21053,-1,-1,1,-1,-1,1,0,,-1,2015-12-13 07:42:00,0.0,0.0,12003
987,2542311,-1,1,-1,-1,1,-1,-1,1,3,lec 1509,-1,2015-12-13 07:18:28,0.0,0.0,12003
974,2542312,41094,1.63736,-1,-1,1,-1,-1,1,0,,-1,2015-12-13 06:50:36,0.0,0.0,12003
975,2542312,41094,1.63736,-1,-1,1,-1,-1,1,0,,-1,2015-12-13 06:50:49,0.0,0.0,12003
1117,2542324,9652,1.00602,-1,-1,1,-1,-1,1,0,,-1,2015-12-13 09:30:24,0.0,0.0,12003
970,2542330,13278,0,-1,-1,1,-1,-1,1,0,,-1,2015-12-13 06:40:27,0.0,0.0,12003
971,2542330,13278,0,-1,-1,1,-1,-1,1,0,sin transfor,-1,2015-12-13 06:40:58,0.0,0.0,12003
972,2542467,148,0,-1,-1,1,-1,-1,1,0,,-1,2015-12-13 06:41:16,0.0,0.0,12003
973,2542467,148,0,-1,-1,1,-1,-1,1,0,sin transfor,-1,2015-12-13 06:41:47,0.0,0.0,12003
1181,2542474,8504,1.05128,-1,-1,1,-1,-1,1,0,,-1,2015-12-13 12:01:25,0.0,0.0,12003
1171,2542476,4,2,-1,-1,1,-1,-1,1,0,,-1,2015-12-13 11:49:37,0.0,0.0,12003
1172,2542476,4,2,-1,-1,1,-1,-1,1,0,,-1,2015-12-13 11:49:39,0.0,0.0,12003
1223,2542477,76,2,-1,-1,1,-1,-1,1,0,,-1,2015-12-13 13:07:47,0.0,0.0,12003
1224,2542477,76,2,-1,-1,1,-1,-1,1,0,,-1,2015-12-13 13:07:57,0.0,0.0,12003
1190,2542478,1367,0.0849206,-1,-1,1,-1,-1,1,0,,-1,2015-12-13 12:11:43,0.0,0.0,12003
1191,2542478,1367,0.0849206,-1,-1,1,-1,-1,1,0,,-1,2015-12-13 12:11:55,0.0,0.0,12003
1202,2542479,16,1000000,-1,-1,1,-1,-1,1,0,,-1,2015-12-13 12:26:40,0.0,0.0,12003
1203,2542479,16,1000000,-1,-1,1,-1,-1,1,0,,-1,2015-12-13 12:26:55,0.0,0.0,12003
1194,2542480,14,1000000,-1,-1,1,-1,-1,1,0,,-1,2015-12-13 12:17:14,0.0,0.0,12003
1195,2542480,14,1000000,-1,-1,1,-1,-1,1,0,,-1,2015-12-13 12:17:24,0.0,0.0,12003
1192,2542481,103,-0.169355,-1,-1,1,-1,-1,1,0,,-1,2015-12-13 12:15:43,0.0,0.0,12003
1193,2542481,103,-0.169355,-1,-1,1,-1,-1,1,0,,-1,2015-12-13 12:15:56,0.0,0.0,12003
1196,2542482,11,1.33333,-1,-1,1,-1,-1,1,0,,-1,2015-12-13 12:18:49,0.0,0.0,12003
1197,2542482,11,1.33333,-1,-1,1,-1,-1,1,0,,-1,2015-12-13 12:19:05,0.0,0.0,12003
1198,2542483,1,0,-1,-1,1,-1,-1,1,0,,-1,2015-12-13 12:20:42,0.0,0.0,12003
1199,2542483,1,0,-1,-1,1,-1,-1,1,0,,-1,2015-12-13 12:20:52,0.0,0.0,12003
1204,2542484,195,0,-1,-1,1,-1,-1,1,0,,-1,2015-12-13 12:39:02,0.0,0.0,12003
1205,2542484,195,0,-1,-1,1,-1,-1,1,0,sin carga,-1,2015-12-13 12:39:29,0.0,0.0,12003
1182,2542485,411,1.33333,-1,-1,1,-1,-1,1,0,,-1,2015-12-13 12:02:48,0.0,0.0,12003
1183,2542485,411,1.33333,-1,-1,1,-1,-1,1,0,,-1,2015-12-13 12:03:02,0.0,0.0,12003
1184,2542486,1,0,-1,-1,1,-1,-1,1,0,,-1,2015-12-13 12:04:49,0.0,0.0,12003
1185,2542486,1,0,-1,-1,1,-1,-1,1,0,,-1,2015-12-13 12:05:01,0.0,0.0,12003
1186,2542487,583,1.89655,-1,-1,1,-1,-1,1,0,,-1,2015-12-13 12:06:35,0.0,0.0,12003
1187,2542487,583,1.89655,-1,-1,1,-1,-1,1,0,,-1,2015-12-13 12:06:46,0.0,0.0,12003
1169,2542488,91,0.0340909,-1,-1,1,-1,-1,1,0,,-1,2015-12-13 11:47:29,0.0,0.0,12003
1170,2542488,91,0.0340909,-1,-1,1,-1,-1,1,0,,-1,2015-12-13 11:47:43,0.0,0.0,12003
1179,2542489,1186,0.101207,-1,-1,1,-1,-1,1,0,,-1,2015-12-13 11:59:39,0.0,0.0,12003
1180,2542489,1186,0.101207,-1,-1,1,-1,-1,1,0,,-1,2015-12-13 11:59:53,0.0,0.0,12003
1188,2542490,8,0,-1,-1,1,-1,-1,1,0,,-1,2015-12-13 12:09:53,0.0,0.0,12003
1189,2542490,8,0,-1,-1,1,-1,-1,1,0,,-1,2015-12-13 12:10:07,0.0,0.0,12003
1200,2542491,1,1000000,-1,-1,1,-1,-1,1,0,,-1,2015-12-13 12:23:53,0.0,0.0,12003
1201,2542491,1,1000000,-1,-1,1,-1,-1,1,0,,-1,2015-12-13 12:26:00,0.0,0.0,12003
1177,2542492,12,0.0909091,-1,-1,1,-1,-1,1,0,,-1,2015-12-13 11:57:01,0.0,0.0,12003
1178,2542492,12,0.0909091,-1,-1,1,-1,-1,1,0,,-1,2015-12-13 11:57:14,0.0,0.0,12003
1175,2542493,780,0.101695,-1,-1,1,-1,-1,1,0,,-1,2015-12-13 11:53:24,0.0,0.0,12003
1176,2542493,780,0.101695,-1,-1,1,-1,-1,1,0,,-1,2015-12-13 11:53:37,0.0,0.0,12003
1173,2542494,148,2.33333,-1,-1,1,-1,-1,1,0,,-1,2015-12-13 11:51:31,0.0,0.0,12003
1174,2542494,148,2.33333,-1,-1,1,-1,-1,1,0,,-1,2015-12-13 11:51:42,0.0,0.0,12003
1207,2542495,119,0.0530973,-1,-1,1,-1,-1,1,0,,-1,2015-12-13 12:50:49,0.0,0.0,12003
1208,2542495,119,0.0530973,-1,-1,1,-1,-1,1,0,,-1,2015-12-13 12:51:05,0.0,0.0,12003
1229,2542496,155,0.115108,-1,-1,1,-1,-1,1,0,,-1,2015-12-13 13:12:14,0.0,0.0,12003
1230,2542496,155,0.115108,-1,-1,1,-1,-1,1,0,,-1,2015-12-13 13:12:26,0.0,0.0,12003
1221,2542497,1048,0.0961098,-1,-1,1,-1,-1,1,0,,-1,2015-12-13 13:02:52,0.0,0.0,12003
1222,2542497,1048,0.0961098,-1,-1,1,-1,-1,1,0,,-1,2015-12-13 13:03:05,0.0,0.0,12003
1217,2542521,161,0.0878378,-1,-1,1,-1,-1,1,0,,-1,2015-12-13 13:00:23,0.0,0.0,12003
1218,2542521,161,0.0878378,-1,-1,1,-1,-1,1,0,,-1,2015-12-13 13:00:35,0.0,0.0,12003
1225,2542522,158,0.104895,-1,-1,1,-1,-1,1,0,,-1,2015-12-13 13:09:41,0.0,0.0,12003
1226,2542522,158,0.104895,-1,-1,1,-1,-1,1,0,,-1,2015-12-13 13:09:54,0.0,0.0,12003
1211,2542523,417,0.275229,-1,-1,1,-1,-1,1,0,,-1,2015-12-13 12:56:11,0.0,0.0,12003
1212,2542523,417,0.275229,-1,-1,1,-1,-1,1,0,,-1,2015-12-13 12:56:23,0.0,0.0,12003
1213,2542524,71,-0.915877,-1,-1,1,-1,-1,1,0,,-1,2015-12-13 12:57:34,0.0,0.0,12003
1214,2542524,71,-0.915877,-1,-1,1,-1,-1,1,0,,-1,2015-12-13 12:57:43,0.0,0.0,12003
1227,2542525,72,0.2,-1,-1,1,-1,-1,1,0,,-1,2015-12-13 13:11:39,0.0,0.0,12003
1228,2542525,72,0.2,-1,-1,1,-1,-1,1,0,,-1,2015-12-13 13:11:50,0.0,0.0,12003
1219,2542526,36,0.0909091,-1,-1,1,-1,-1,1,0,,-1,2015-12-13 13:01:42,0.0,0.0,12003
1220,2542526,36,0.0909091,-1,-1,1,-1,-1,1,0,,-1,2015-12-13 13:01:53,0.0,0.0,12003
1215,2542527,14,0.0769231,-1,-1,1,-1,-1,1,0,,-1,2015-12-13 12:58:29,0.0,0.0,12003
1216,2542527,14,0.0769231,-1,-1,1,-1,-1,1,0,,-1,2015-12-13 12:58:39,0.0,0.0,12003
1209,2542528,73,0.327273,-1,-1,1,-1,-1,1,0,,-1,2015-12-13 12:53:02,0.0,0.0,12003
1210,2542528,73,0.327273,-1,-1,1,-1,-1,1,0,,-1,2015-12-13 12:53:14,0.0,0.0,12003
1165,2542530,22,0,-1,-1,1,-1,-1,1,0,,-1,2015-12-13 11:42:51,0.0,0.0,12003
1166,2542530,22,0,-1,-1,1,-1,-1,1,0,sin carga,-1,2015-12-13 11:43:16,0.0,0.0,12003
1159,2542531,320,0.0666667,-1,-1,1,-1,-1,1,0,,-1,2015-12-13 11:35:24,0.0,0.0,12003
1160,2542531,320,0.0666667,-1,-1,1,-1,-1,1,0,,-1,2015-12-13 11:35:38,0.0,0.0,12003
1157,2542532,1,0,-1,-1,1,-1,-1,1,0,,-1,2015-12-13 11:33:59,0.0,0.0,12003
1158,2542532,1,0,-1,-1,1,-1,-1,1,0,,-1,2015-12-13 11:34:12,0.0,0.0,12003
1161,2542533,171,0.0822785,-1,-1,1,-1,-1,1,0,,-1,2015-12-13 11:37:17,0.0,0.0,12003
1162,2542533,171,0.0822785,-1,-1,1,-1,-1,1,0,,-1,2015-12-13 11:37:33,0.0,0.0,12003
1163,2542534,10,0,-1,-1,1,-1,-1,1,0,,-1,2015-12-13 11:40:05,0.0,0.0,12003
1164,2542534,10,0,-1,-1,1,-1,-1,1,0,desconectado,-1,2015-12-13 11:40:30,0.0,0.0,12003
1167,2542535,116,0.221053,-1,-1,1,-1,-1,1,0,,-1,2015-12-13 11:44:52,0.0,0.0,12003
1168,2542535,116,0.221053,-1,-1,1,-1,-1,1,0,,-1,2015-12-13 11:45:06,0.0,0.0,12003
1231,2542544,14441,2.41085,-1,-1,1,-1,-1,1,0,,-1,2015-12-13 13:15:45,0.0,0.0,12003
1232,2542544,14441,2.41085,-1,-1,1,-1,-1,1,0,,-1,2015-12-13 13:16:02,0.0,0.0,12003
1233,2542575,15564,2.13924,-1,-1,1,-1,-1,1,0,,-1,2015-12-13 13:21:46,0.0,0.0,12003
1234,2542575,15564,2.13924,-1,-1,1,-1,-1,1,0,,-1,2015-12-13 13:22:18,0.0,0.0,12003
1155,2542577,2217,1.34286,-1,-1,1,-1,-1,1,0,,-1,2015-12-13 11:28:27,0.0,0.0,12003
1156,2542577,2217,1.34286,-1,-1,1,-1,-1,1,0,,-1,2015-12-13 11:28:49,0.0,0.0,12003
1206,2542578,10159,1.05647,-1,-1,1,-1,-1,1,0,,-1,2015-12-13 12:49:23,0.0,0.0,12003
1154,2542579,-1,1,-1,-1,1,-1,-1,1,15,puerta con candado,-1,2015-12-13 11:21:06,0.0,0.0,12003
