1026,2063511,18111,1.31169,-1,-1,1,-1,-1,1,0,,-1,2015-11-03 13:18:01,0.0,0.0,2072
1027,2063511,18111,1.31169,-1,-1,1,-1,-1,1,0,,-1,2015-11-03 13:18:16,0.0,0.0,2072
1028,2063512,12481,1.12366,-1,-1,1,-1,-1,1,0,,-1,2015-11-03 13:18:48,0.0,0.0,2072
1029,2063514,32013,0.938931,-1,-1,1,-1,-1,1,0,,-1,2015-11-03 13:19:05,0.0,0.0,2072
1030,2063515,9146,1.25,-1,-1,1,-1,-1,1,0,,-1,2015-11-03 13:19:12,0.0,0.0,2072
1031,2063516,16959,1.06186,-1,-1,1,-1,-1,1,0,(Sellos Termoplasticos),-1,2015-11-03 13:19:23,0.0,0.0,2072
1032,2063517,21376,1.01613,-1,-1,1,-1,-1,1,0,,-1,2015-11-03 13:19:36,0.0,0.0,2072
1033,2063518,34306,1.09581,-1,-1,1,-1,-1,1,0,(Sellos Termoplasticos),-1,2015-11-03 13:19:45,0.0,0.0,2072
1034,2063519,1905,0.986577,-1,-1,1,-1,-1,1,0,,-1,2015-11-03 13:19:55,0.0,0.0,2072
1035,2063520,1963,1.8209,-1,-1,1,-1,-1,1,0,,-1,2015-11-03 13:19:58,0.0,0.0,2072
1036,2063520,1963,1.8209,-1,-1,1,-1,-1,1,0,,-1,2015-11-03 13:20:27,0.0,0.0,2072
1037,2063521,19889,1.12563,-1,-1,1,-1,-1,1,0,,-1,2015-11-03 13:21:55,0.0,0.0,2072
1038,2063522,24666,1.17778,-1,-1,1,-1,-1,1,0,,-1,2015-11-03 13:22:12,0.0,0.0,2072
1039,2063523,35499,1.18857,-1,-1,1,-1,-1,1,0,,-1,2015-11-03 13:22:29,0.0,0.0,2072
1041,2063524,17703,1.01887,-1,-1,1,-1,-1,1,0,,-1,2015-11-03 13:23:00,0.0,0.0,2072
1040,2063525,709,1.05172,-1,-1,1,-1,-1,1,0,,-1,2015-11-03 13:22:41,0.0,0.0,2072
1042,2063526,13310,0.834783,-1,-1,1,-1,-1,1,0,,-1,2015-11-03 13:23:03,0.0,0.0,2072
1046,2063528,15256,-79.6087,-1,-1,1,-1,-1,1,0,,-1,2015-11-03 13:24:06,0.0,0.0,2072
1047,2063528,54247,1.11801,-1,-1,1,-1,-1,1,0,,-1,2015-11-03 13:24:15,0.0,0.0,2072
1048,2063529,15256,1.15584,-1,-1,1,-1,-1,1,0,,-1,2015-11-03 13:24:19,0.0,0.0,2072
1043,2063530,3250,1.98684,-1,-1,1,-1,-1,1,0,,-1,2015-11-03 13:23:29,0.0,0.0,2072
1044,2063530,3250,1.98684,-1,-1,1,-1,-1,1,0,,-1,2015-11-03 13:23:39,0.0,0.0,2072
1045,2063531,4940,1.13542,-1,-1,1,-1,-1,1,0,,-1,2015-11-03 13:23:44,0.0,0.0,2072
1049,2063532,33678,0.875,-1,-1,1,-1,-1,1,0,,-1,2015-11-03 13:24:33,0.0,0.0,2072
1050,2063533,43015,1.08247,-1,-1,1,-1,-1,1,0,,-1,2015-11-03 13:24:44,0.0,0.0,2072
1051,2063534,17496,1.05607,-1,-1,1,-1,-1,1,0,,-1,2015-11-03 13:24:47,0.0,0.0,2072
1052,2063535,20076,1.13913,-1,-1,1,-1,-1,1,0,,-1,2015-11-03 13:25:04,0.0,0.0,2072
1053,2063536,17072,1.01075,-1,-1,1,-1,-1,1,0,,-1,2015-11-03 13:25:07,0.0,0.0,2072
1054,2063537,3121,1.06818,-1,-1,1,-1,-1,1,0,,-1,2015-11-03 13:25:21,0.0,0.0,2072
1055,2063538,7642,0.828402,-1,-1,1,-1,-1,1,0,,-1,2015-11-03 13:25:24,0.0,0.0,2072
1056,2063539,4907,2,-1,-1,1,-1,-1,1,0,,-1,2015-11-03 13:25:29,0.0,0.0,2072
1057,2063539,4907,2,-1,-1,1,-1,-1,1,0,,-1,2015-11-03 13:25:41,0.0,0.0,2072
1058,2063540,1765,1.2437,-1,-1,1,-1,-1,1,0,,-1,2015-11-03 13:25:50,0.0,0.0,2072
1059,2063541,32431,1.04046,-1,-1,1,-1,-1,1,0,,-1,2015-11-03 13:25:59,0.0,0.0,2072
1060,2063542,35640,1.2,-1,-1,1,-1,-1,1,0,,-1,2015-11-03 13:26:09,0.0,0.0,2072
1061,2063543,27223,1.03419,-1,-1,1,-1,-1,1,0,,-1,2015-11-03 13:26:20,0.0,0.0,2072
1062,2063544,46888,0.849711,-1,-1,1,-1,-1,1,0,,-1,2015-11-03 13:26:35,0.0,0.0,2072
1063,2063545,9526,0.897436,-1,-1,1,-1,-1,1,0,,-1,2015-11-03 13:26:49,0.0,0.0,2072
1064,2063546,5383,0.0111111,-1,-1,1,-1,-1,1,0,,-1,2015-11-03 13:27:00,0.0,0.0,2072
1065,2063546,5683,3.34444,-1,-1,1,-1,-1,1,0,,-1,2015-11-03 13:27:12,0.0,0.0,2072
1066,2063546,5383,0.0111111,-1,-1,1,-1,-1,1,0,mg,-1,2015-11-03 13:27:19,0.0,0.0,2072
1067,2063547,58939,276.431,-1,-1,1,-1,-1,1,0,(Sellos Termoplasticos),-1,2015-11-03 13:27:29,0.0,0.0,2072
1068,2063547,28939,1.20183,-1,-1,1,-1,-1,1,0,(Sellos Termoplasticos),-1,2015-11-03 13:27:34,0.0,0.0,2072
1069,2063548,3716,0.83871,-1,-1,1,-1,-1,1,0,,-1,2015-11-03 13:27:48,0.0,0.0,2072
1070,2063549,2718,1.09091,-1,-1,1,-1,-1,1,0,,-1,2015-11-03 13:27:51,0.0,0.0,2072
1071,2063550,7625,0.850746,-1,-1,1,-1,-1,1,0,,-1,2015-11-03 13:28:01,0.0,0.0,2072
1072,2063551,17797,0.626866,-1,-1,1,-1,-1,1,0,,-1,2015-11-03 13:28:04,0.0,0.0,2072
1073,2063551,17797,0.626866,-1,-1,1,-1,-1,1,0,,-1,2015-11-03 13:28:13,0.0,0.0,2072
1074,2063552,30541,1.08088,-1,-1,1,-1,-1,1,0,(Sellos Termoplasticos),-1,2015-11-03 13:28:25,0.0,0.0,2072
1075,2063553,12426,1.23894,-1,-1,1,-1,-1,1,0,,-1,2015-11-03 13:28:38,0.0,0.0,2072
1076,2063554,28651,1.13018,-1,-1,1,-1,-1,1,0,(Sellos Termoplasticos),-1,2015-11-03 13:28:50,0.0,0.0,2072
1077,2063555,50098,0,-1,-1,1,-1,-1,1,0,,-1,2015-11-03 13:29:18,0.0,0.0,2072
1078,2063555,50098,0,-1,-1,1,-1,-1,1,0,mg,-1,2015-11-03 13:29:36,0.0,0.0,2072
1079,2063556,10197,0.842553,-1,-1,1,-1,-1,1,0,,-1,2015-11-03 13:29:40,0.0,0.0,2072
1080,2063557,73457,1.00873,-1,-1,1,-1,-1,1,0,,-1,2015-11-03 13:29:55,0.0,0.0,2072
1081,2063558,70015,1.02907,-1,-1,1,-1,-1,1,0,(Sellos Termoplasticos),-1,2015-11-03 13:30:08,0.0,0.0,2072
1082,2063559,23305,0.961451,-1,-1,1,-1,-1,1,0,,-1,2015-11-03 13:30:22,0.0,0.0,2072
1083,2063560,6854,1.02632,-1,-1,1,-1,-1,1,0,,-1,2015-11-03 13:30:26,0.0,0.0,2072
1084,2063561,10915,1.04333,-1,-1,1,-1,-1,1,0,,-1,2015-11-03 13:31:06,0.0,0.0,2072
1085,2063562,17004,0.918367,-1,-1,1,-1,-1,1,0,,-1,2015-11-03 13:31:24,0.0,0.0,2072
1086,2063563,3344,-115.264,-1,-1,1,-1,-1,1,0,,-1,2015-11-03 13:31:36,0.0,0.0,2072
1088,2063563,18339,0.976744,-1,-1,1,-1,-1,1,0,,-1,2015-11-03 13:32:03,0.0,0.0,2072
1087,2063564,3344,1,-1,-1,1,-1,-1,1,0,,-1,2015-11-03 13:31:48,0.0,0.0,2072
1089,2063565,36239,1.04525,-1,-1,1,-1,-1,1,0,,-1,2015-11-03 13:32:06,0.0,0.0,2072
1090,2063566,721,1.17,-1,-1,1,-1,-1,1,0,,-1,2015-11-03 13:38:38,0.0,0.0,2072
1091,2063567,6174,0.918367,-1,-1,1,-1,-1,1,0,,-1,2015-11-03 13:38:54,0.0,0.0,2072
1092,2063568,22021,1.05556,-1,-1,1,-1,-1,1,0,(Sellos Termoplasticos),-1,2015-11-03 13:39:05,0.0,0.0,2072
1093,2063569,22775,0.920792,-1,-1,1,-1,-1,1,0,,-1,2015-11-03 13:39:16,0.0,0.0,2072
1094,2063570,40364,1.01521,-1,-1,1,-1,-1,1,0,,-1,2015-11-03 13:39:25,0.0,0.0,2072
1095,2063571,24830,1.12069,-1,-1,1,-1,-1,1,0,(Sellos Termoplasticos),-1,2015-11-03 13:39:40,0.0,0.0,2072
1096,2063572,25313,1.38065,-1,-1,1,-1,-1,1,0,,-1,2015-11-03 13:39:54,0.0,0.0,2072
1097,2063572,25313,1.38065,-1,-1,1,-1,-1,1,0,,-1,2015-11-03 13:40:03,0.0,0.0,2072
1098,2063573,16715,1.06849,-1,-1,1,-1,-1,1,0,,-1,2015-11-03 13:40:07,0.0,0.0,2072
1099,2063574,10823,6.54054,-1,-1,1,-1,-1,1,0,,-1,2015-11-03 13:40:21,0.0,0.0,2072
1100,2063574,10023,1.13514,-1,-1,1,-1,-1,1,0,,-1,2015-11-03 13:40:33,0.0,0.0,2072
1101,2063575,8936,1.10753,-1,-1,1,-1,-1,1,0,,-1,2015-11-03 13:40:36,0.0,0.0,2072
1102,2063576,12437,0.908629,-1,-1,1,-1,-1,1,0,,-1,2015-11-03 13:40:52,0.0,0.0,2072
1103,2063577,1532,-180.184,-1,-1,1,-1,-1,1,0,,-1,2015-11-03 13:41:04,0.0,0.0,2072
1104,2063577,15321,1.25,-1,-1,1,-1,-1,1,0,,-1,2015-11-03 13:41:13,0.0,0.0,2072
1105,2063578,3522,0.950355,-1,-1,1,-1,-1,1,0,,-1,2015-11-03 13:41:22,0.0,0.0,2072
1106,2063579,2948,0.916667,-1,-1,1,-1,-1,1,0,,-1,2015-11-03 13:41:26,0.0,0.0,2072
1107,2063581,22045,1.08333,-1,-1,1,-1,-1,1,0,(Sellos Termoplasticos),6,2015-11-03 13:41:42,0.0,0.0,2072
1108,2063582,4548,1.08571,-1,-1,1,-1,-1,1,0,,-1,2015-11-03 13:41:57,0.0,0.0,2072
1109,2063583,14472,1.12381,-1,-1,1,-1,-1,1,0,,-1,2015-11-03 13:41:59,0.0,0.0,2072
1110,2063584,8467,1.248,-1,-1,1,-1,-1,1,0,,-1,2015-11-03 13:42:27,0.0,0.0,2072
1111,2063585,13870,0.966667,-1,-1,1,-1,-1,1,0,(Sellos Termoplasticos),6,2015-11-03 13:42:36,0.0,0.0,2072
1112,2063586,24535,0.579787,-1,-1,1,-1,-1,1,0,,-1,2015-11-03 13:42:46,0.0,0.0,2072
1113,2063586,24535,0.579787,-1,-1,1,-1,-1,1,0,,-1,2015-11-03 13:42:57,0.0,0.0,2072
1114,2063587,10534,1.125,-1,-1,1,-1,-1,1,0,,-1,2015-11-03 13:43:11,0.0,0.0,2072
1115,2063588,22814,1.04687,-1,-1,1,-1,-1,1,0,,-1,2015-11-03 13:43:20,0.0,0.0,2072
1116,2063589,3809,-5.15607,-1,-1,1,-1,-1,1,0,,-1,2015-11-03 13:43:32,0.0,0.0,2072
1117,2063589,4898,1.13873,-1,-1,1,-1,-1,1,0,,-1,2015-11-03 13:43:41,0.0,0.0,2072
1118,2063590,8580,0.96729,-1,-1,1,-1,-1,1,0,,-1,2015-11-03 13:43:58,0.0,0.0,2072
1119,2063591,2805,1.05556,-1,-1,1,-1,-1,1,0,,-1,2015-11-03 13:45:12,0.0,0.0,2072
1120,2063592,8744,1.02804,-1,-1,1,-1,-1,1,0,,-1,2015-11-03 13:45:26,0.0,0.0,2072
1121,2063593,2783,0.955882,-1,-1,1,-1,-1,1,0,,-1,2015-11-03 13:45:29,0.0,0.0,2072
1122,2063594,14368,0.979487,-1,-1,1,-1,-1,1,0,,-1,2015-11-03 13:45:40,0.0,0.0,2072
1123,2063595,8210,0.920635,-1,-1,1,-1,-1,1,0,,-1,2015-11-03 13:45:54,0.0,0.0,2072
1124,2063596,35637,0.785235,-1,-1,1,-1,-1,1,0,(Sellos Termoplasticos),-1,2015-11-03 13:45:58,0.0,0.0,2072
1125,2063597,21236,0.72093,-1,-1,1,-1,-1,1,0,,-1,2015-11-03 13:46:12,0.0,0.0,2072
1126,2063598,13997,1.32353,-1,-1,1,-1,-1,1,0,(Sellos Termoplasticos),-1,2015-11-03 13:46:15,0.0,0.0,2072
1127,2063598,13997,1.32353,-1,-1,1,-1,-1,1,0,(Sellos Termoplasticos),-1,2015-11-03 13:47:46,0.0,0.0,2072
1128,2063599,1243,0,-1,-1,1,-1,-1,1,0,,-1,2015-11-03 13:48:00,0.0,0.0,2072
1129,2063599,1243,0,-1,-1,1,-1,-1,1,0,,-1,2015-11-03 13:48:07,0.0,0.0,2072
1130,2063600,8,0,-1,-1,1,-1,-1,1,0,,-1,2015-11-03 13:48:19,0.0,0.0,2072
1131,2063600,8,0,-1,-1,1,-1,-1,1,0,mg,-1,2015-11-03 13:48:30,0.0,0.0,2072
1132,2063601,3707,1.60465,-1,-1,1,-1,-1,1,0,,-1,2015-11-03 13:48:34,0.0,0.0,2072
1133,2063601,3707,1.60465,-1,-1,1,-1,-1,1,0,,-1,2015-11-03 13:48:43,0.0,0.0,2072
1134,2063602,5078,1.34722,-1,-1,1,-1,-1,1,0,,-1,2015-11-03 13:49:16,0.0,0.0,2072
1135,2063602,5078,1.34722,-1,-1,1,-1,-1,1,0,,-1,2015-11-03 13:49:25,0.0,0.0,2072
1136,2063603,22987,1.30515,-1,-1,1,-1,-1,1,0,,-1,2015-11-03 13:49:48,0.0,0.0,2072
1137,2063603,22987,1.30515,-1,-1,1,-1,-1,1,0,,-1,2015-11-03 13:49:58,0.0,0.0,2072
1138,2063604,623,1.21739,-1,-1,1,-1,-1,1,0,,-1,2015-11-03 13:50:18,0.0,0.0,2072
1139,2063605,1685,1.12963,-1,-1,1,-1,-1,1,0,,-1,2015-11-03 13:50:21,0.0,0.0,2072
1142,2063606,-1,1,-1,-1,1,-1,-1,1,15,MMA portón,-1,2015-11-03 13:56:05,0.0,0.0,2072
1140,2063607,19357,1.14563,-1,-1,1,-1,-1,1,0,,-1,2015-11-03 13:54:49,0.0,0.0,2072
1141,2063608,24359,0.962617,-1,-1,1,-1,-1,1,0,,-1,2015-11-03 13:55:34,0.0,0.0,2072
1143,2063609,23192,0.973333,-1,-1,1,-1,-1,1,0,,-1,2015-11-03 13:56:25,0.0,0.0,2072
1144,2063610,6261,0.671498,-1,-1,1,-1,-1,1,0,,-1,2015-11-03 13:56:37,0.0,0.0,2072
1145,2063610,6261,0.671498,-1,-1,1,-1,-1,1,0,,-1,2015-11-03 13:56:46,0.0,0.0,2072
1146,2063611,14848,1.04,-1,-1,1,-1,-1,1,0,,-1,2015-11-03 13:57:33,0.0,0.0,2072
1147,2063612,1089,0.822034,-1,-1,1,-1,-1,1,0,,-1,2015-11-03 13:57:56,0.0,0.0,2072
1148,2063613,5090,1.05376,-1,-1,1,-1,-1,1,0,,-1,2015-11-03 13:58:07,0.0,0.0,2072
1149,2063614,6025,1.2973,-1,-1,1,-1,-1,1,0,,-1,2015-11-03 13:58:10,0.0,0.0,2072
1150,2063615,28008,1.20809,-1,-1,1,-1,-1,1,0,,-1,2015-11-03 13:58:26,0.0,0.0,2072
1151,2063616,30256,0.0928571,-1,-1,1,-1,-1,1,0,,-1,2015-11-03 13:58:41,0.0,0.0,2072
1152,2063616,30256,0.0928571,-1,-1,1,-1,-1,1,0,(Sellos Termoplasticos)(En Remodelacion),-1,2015-11-03 13:59:05,0.0,0.0,2072
1153,2063617,2798,-52.2857,-1,-1,1,-1,-1,1,0,,-1,2015-11-03 13:59:21,0.0,0.0,2072
1218,2063617,4399,4.89286,-1,-1,1,-1,-1,1,0,,-1,2015-11-03 14:14:17,0.0,0.0,2072
1219,2063617,4399,4.89286,-1,-1,1,-1,-1,1,0,,-1,2015-11-03 14:14:19,0.0,0.0,2072
1154,2063618,2798,1.01163,-1,-1,1,-1,-1,1,0,,-1,2015-11-03 13:59:40,0.0,0.0,2072
1155,2063619,3013,1.08696,-1,-1,1,-1,-1,1,0,,-1,2015-11-03 13:59:43,0.0,0.0,2072
1156,2063620,26538,1.088,-1,-1,1,-1,-1,1,0,,-1,2015-11-03 13:59:53,0.0,0.0,2072
1203,2063621,17241,1.0458,-1,-1,1,-1,-1,1,0,,-1,2015-11-03 14:11:03,0.0,0.0,2072
1157,2063622,4487,1.09735,-1,-1,1,-1,-1,1,0,,-1,2015-11-03 14:00:10,0.0,0.0,2072
1158,2063623,3293,1.16923,-1,-1,1,-1,-1,1,0,,-1,2015-11-03 14:00:14,0.0,0.0,2072
1159,2063624,29616,1.1773,-1,-1,1,-1,-1,1,0,,-1,2015-11-03 14:00:36,0.0,0.0,2072
1160,2063625,57021,1.29545,-1,-1,1,-1,-1,1,0,,-1,2015-11-03 14:00:54,0.0,0.0,2072
1161,2063626,1074,1.13333,-1,-1,1,-1,-1,1,0,,-1,2015-11-03 14:00:57,0.0,0.0,2072
1162,2063627,296,1.25,-1,-1,1,-1,-1,1,0,,-1,2015-11-03 14:01:03,0.0,0.0,2072
1165,2063628,30438,1.10112,-1,-1,1,-1,-1,1,0,,-1,2015-11-03 14:01:31,0.0,0.0,2072
1163,2063629,72,5.5,-1,-1,1,-1,-1,1,0,,-1,2015-11-03 14:01:05,0.0,0.0,2072
1164,2063629,72,5.5,-1,-1,1,-1,-1,1,0,,-1,2015-11-03 14:01:13,0.0,0.0,2072
1166,2063630,30166,3,-1,-1,1,-1,-1,1,0,,-1,2015-11-03 14:01:37,0.0,0.0,2072
1167,2063630,30166,3,-1,-1,1,-1,-1,1,0,mg,-1,2015-11-03 14:01:52,0.0,0.0,2072
1168,2063631,6045,1.04762,-1,-1,1,-1,-1,1,0,,-1,2015-11-03 14:01:57,0.0,0.0,2072
1169,2063632,13866,0.310345,-1,-1,1,-1,-1,1,0,,-1,2015-11-03 14:02:00,0.0,0.0,2072
1170,2063632,13866,0.310345,-1,-1,1,-1,-1,1,0,,-1,2015-11-03 14:02:12,0.0,0.0,2072
1171,2063633,26626,1.28649,-1,-1,1,-1,-1,1,0,,-1,2015-11-03 14:02:31,0.0,0.0,2072
1172,2063634,4090,1.27108,-1,-1,1,-1,-1,1,0,,-1,2015-11-03 14:02:34,0.0,0.0,2072
1173,2063635,3546,0.924731,-1,-1,1,-1,-1,1,0,,-1,2015-11-03 14:02:45,0.0,0.0,2072
1174,2063636,20034,1.11058,-1,-1,1,-1,-1,1,0,,-1,2015-11-03 14:02:48,0.0,0.0,2072
1175,2063637,507,0.69802,-1,-1,1,-1,-1,1,0,,-1,2015-11-03 14:03:01,0.0,0.0,2072
1176,2063637,507,0.69802,-1,-1,1,-1,-1,1,0,,-1,2015-11-03 14:03:08,0.0,0.0,2072
1177,2063638,271,1.07576,-1,-1,1,-1,-1,1,0,,-1,2015-11-03 14:03:12,0.0,0.0,2072
1178,2063639,38039,1.21693,-1,-1,1,-1,-1,1,0,,-1,2015-11-03 14:03:24,0.0,0.0,2072
1179,2063640,6770,1.23333,-1,-1,1,-1,-1,1,0,,-1,2015-11-03 14:03:34,0.0,0.0,2072
1180,2063641,26096,0.794702,-1,-1,1,-1,-1,1,0,,-1,2015-11-03 14:03:45,0.0,0.0,2072
1181,2063642,15309,1.12903,-1,-1,1,-1,-1,1,0,,-1,2015-11-03 14:03:56,0.0,0.0,2072
1182,2063643,28415,0.784946,-1,-1,1,-1,-1,1,0,,-1,2015-11-03 14:04:12,0.0,0.0,2072
1183,2063644,25777,1.14115,-1,-1,1,-1,-1,1,0,,-1,2015-11-03 14:04:17,0.0,0.0,2072
1184,2063645,37895,6.06897,-1,-1,1,-1,-1,1,0,(Sellos Termoplasticos),-1,2015-11-03 14:04:45,0.0,0.0,2072
1185,2063645,37895,6.06897,-1,-1,1,-1,-1,1,0,(Sellos Termoplasticos),-1,2015-11-03 14:05:14,0.0,0.0,2072
1186,2063646,20091,1.0099,-1,-1,1,-1,-1,1,0,,-1,2015-11-03 14:05:32,0.0,0.0,2072
1187,2063647,6417,1.61039,-1,-1,1,-1,-1,1,0,,-1,2015-11-03 14:05:35,0.0,0.0,2072
1188,2063647,6417,1.61039,-1,-1,1,-1,-1,1,0,,-1,2015-11-03 14:05:53,0.0,0.0,2072
1189,2063648,15405,1.14468,-1,-1,1,-1,-1,1,0,,-1,2015-11-03 14:06:06,0.0,0.0,2072
1190,2063649,11781,1.40541,-1,-1,1,-1,-1,1,0,,-1,2015-11-03 14:06:20,0.0,0.0,2072
1191,2063649,11781,1.40541,-1,-1,1,-1,-1,1,0,,-1,2015-11-03 14:06:32,0.0,0.0,2072
1192,2063650,36228,0.940678,-1,-1,1,-1,-1,1,0,,-1,2015-11-03 14:06:41,0.0,0.0,2072
1193,2063651,2548,1.19512,-1,-1,1,-1,-1,1,0,,-1,2015-11-03 14:06:47,0.0,0.0,2072
1194,2063652,29562,1.09524,-1,-1,1,-1,-1,1,0,(Sellos Termoplasticos),-1,2015-11-03 14:07:06,0.0,0.0,2072
1195,2063653,7017,0.955224,-1,-1,1,-1,-1,1,0,,-1,2015-11-03 14:07:22,0.0,0.0,2072
1196,2063654,30587,0.596154,-1,-1,1,-1,-1,1,0,,-1,2015-11-03 14:07:25,0.0,0.0,2072
1197,2063654,30587,0.596154,-1,-1,1,-1,-1,1,0,,-1,2015-11-03 14:07:36,0.0,0.0,2072
1198,2063655,3813,-136.147,-1,-1,1,-1,-1,1,0,,-1,2015-11-03 14:08:58,0.0,0.0,2072
1200,2063655,19741,1.16379,-1,-1,1,-1,-1,1,0,,-1,2015-11-03 14:10:10,0.0,0.0,2072
1201,2063656,183,1.22222,-1,-1,1,-1,-1,1,0,,-1,2015-11-03 14:10:32,0.0,0.0,2072
1202,2063657,20322,1.03344,-1,-1,1,-1,-1,1,0,,-1,2015-11-03 14:10:53,0.0,0.0,2072
1204,2063658,47471,0.909091,-1,-1,1,-1,-1,1,0,,-1,2015-11-03 14:11:30,0.0,0.0,2072
1205,2063659,19868,0.983146,-1,-1,1,-1,-1,1,0,,-1,2015-11-03 14:11:33,0.0,0.0,2072
1206,2063660,9121,0.87,-1,-1,1,-1,-1,1,0,,-1,2015-11-03 14:12:02,0.0,0.0,2072
1207,2063661,1014,1.11864,-1,-1,1,-1,-1,1,0,,-1,2015-11-03 14:12:07,0.0,0.0,2072
1208,2063662,1187,2.75676,-1,-1,1,-1,-1,1,0,,-1,2015-11-03 14:12:10,0.0,0.0,2072
1209,2063662,1187,2.75676,-1,-1,1,-1,-1,1,0,,-1,2015-11-03 14:12:18,0.0,0.0,2072
1210,2063663,9887,1.00465,-1,-1,1,-1,-1,1,0,,-1,2015-11-03 14:12:38,0.0,0.0,2072
1211,2063664,7910,0.266667,-1,-1,1,-1,-1,1,0,,-1,2015-11-03 14:12:59,0.0,0.0,2072
1212,2063664,7910,0.266667,-1,-1,1,-1,-1,1,0,,-1,2015-11-03 14:13:09,0.0,0.0,2072
1213,2063665,5854,0.711111,-1,-1,1,-1,-1,1,0,,-1,2015-11-03 14:13:25,0.0,0.0,2072
1214,2063666,6136,1.15152,-1,-1,1,-1,-1,1,0,,-1,2015-11-03 14:13:28,0.0,0.0,2072
1215,2063667,3253,0.95098,-1,-1,1,-1,-1,1,0,,-1,2015-11-03 14:13:47,0.0,0.0,2072
1216,2063668,3046,6,-1,-1,1,-1,-1,1,0,,-1,2015-11-03 14:13:57,0.0,0.0,2072
1217,2063668,3046,6,-1,-1,1,-1,-1,1,0,,-1,2015-11-03 14:14:07,0.0,0.0,2072
1220,2063669,36039,1.395,-1,-1,1,-1,-1,1,0,(Sellos Termoplasticos),-1,2015-11-03 14:14:35,0.0,0.0,2072
1221,2063669,36039,1.395,-1,-1,1,-1,-1,1,0,(Sellos Termoplasticos),-1,2015-11-03 14:14:46,0.0,0.0,2072
1222,2063670,731,-41.0064,-1,-1,1,-1,-1,1,0,,-1,2015-11-03 14:15:00,0.0,0.0,2072
1223,2063670,7319,0.955414,-1,-1,1,-1,-1,1,0,,-1,2015-11-03 14:15:02,0.0,0.0,2072
1224,2063671,5237,0.405797,-1,-1,1,-1,-1,1,0,,-1,2015-11-03 14:15:05,0.0,0.0,2072
1225,2063671,5237,0.405797,-1,-1,1,-1,-1,1,0,,-1,2015-11-03 14:15:32,0.0,0.0,2072
1226,2063672,23692,1.0687,-1,-1,1,-1,-1,1,0,,-1,2015-11-03 14:15:46,0.0,0.0,2072
1227,2063673,19041,1.00952,-1,-1,1,-1,-1,1,0,(Sellos Termoplasticos),-1,2015-11-03 14:16:02,0.0,0.0,2072
1228,2063674,61,6.99999,-1,-1,1,-1,-1,1,0,,-1,2015-11-03 14:16:14,0.0,0.0,2072
1229,2063674,61,6.99999,-1,-1,1,-1,-1,1,0,,-1,2015-11-03 14:16:22,0.0,0.0,2072
1230,2063675,1032,0.902256,-1,-1,1,-1,-1,1,0,,-1,2015-11-03 14:16:26,0.0,0.0,2072
1231,2063677,2142,-89.2673,-1,-1,1,-1,-1,1,0,,-1,2015-11-03 14:16:48,0.0,0.0,2072
1232,2063677,21742,1.0553,-1,-1,1,-1,-1,1,0,,-1,2015-11-03 14:16:53,0.0,0.0,2072
1233,2063678,1089,-123.025,-1,-1,1,-1,-1,1,0,,-1,2015-11-03 14:17:09,0.0,0.0,2072
1234,2063678,10879,0.898734,-1,-1,1,-1,-1,1,0,,-1,2015-11-03 14:17:27,0.0,0.0,2072
1235,2063679,18593,0.452555,-1,-1,1,-1,-1,1,0,,-1,2015-11-03 14:17:41,0.0,0.0,2072
1236,2063679,18593,0.452555,-1,-1,1,-1,-1,1,0,,-1,2015-11-03 14:17:57,0.0,0.0,2072
1237,2063680,24786,0.911765,-1,-1,1,-1,-1,1,0,(Sellos Termoplasticos),-1,2015-11-03 14:18:15,0.0,0.0,2072
1238,2063681,6944,0.941667,-1,-1,1,-1,-1,1,0,(Caja No Conforme),-1,2015-11-03 14:18:28,0.0,0.0,2072
1239,2063682,13167,1,-1,-1,1,-1,-1,1,0,,-1,2015-11-03 14:18:38,0.0,0.0,2072
1240,2063683,10012,1,-1,-1,1,-1,-1,1,0,,-1,2015-11-03 14:18:41,0.0,0.0,2072
1241,2063684,909,-89.8556,-1,-1,1,-1,-1,1,0,,-1,2015-11-03 14:18:44,0.0,0.0,2072
1242,2063684,9097,1.12222,-1,-1,1,-1,-1,1,0,,-1,2015-11-03 14:18:47,0.0,0.0,2072
1199,2063780,3813,0.96,-1,-1,1,-1,-1,1,0,,-1,2015-11-03 14:09:51,0.0,0.0,2072
