1200,2061783,25404,0.00714286,-1,-1,1,-1,-1,1,0,,-1,2015-11-03 09:09:32,0.0,0.0,2033
1201,2061783,25404,0.00714286,-1,-1,1,-1,-1,1,0,,-1,2015-11-03 09:09:43,0.0,0.0,2033
1202,2061784,6171,1.10309,-1,-1,1,-1,-1,1,0,,-1,2015-11-03 09:10:31,0.0,0.0,2033
1203,2061785,12238,1.07377,-1,-1,1,-1,-1,1,0,m52,-1,2015-11-03 09:10:56,0.0,0.0,2033
1204,2061786,30925,1.11744,-1,-1,1,-1,-1,1,0,,-1,2015-11-03 09:11:11,0.0,0.0,2033
1397,2061787,21577,1,-1,-1,1,-1,-1,1,0,,-1,2015-11-03 10:32:30,0.0,0.0,2033
1398,2061788,6078,1.2093,-1,-1,1,-1,-1,1,0,,-1,2015-11-03 10:32:46,0.0,0.0,2033
1399,2061789,29945,1.49468,-1,-1,1,-1,-1,1,0,,-1,2015-11-03 10:33:00,0.0,0.0,2033
1400,2061789,29945,1.49468,-1,-1,1,-1,-1,1,0,,-1,2015-11-03 10:33:17,0.0,0.0,2033
1401,2061790,9110,67.5041,-1,-1,1,-1,-1,1,0,,-1,2015-11-03 10:33:39,0.0,0.0,2033
1402,2061790,911,0.845528,-1,-1,1,-1,-1,1,0,,-1,2015-11-03 10:33:49,0.0,0.0,2033
1403,2061791,11422,0.941176,-1,-1,1,-1,-1,1,0,,-1,2015-11-03 10:34:01,0.0,0.0,2033
1404,2061792,13790,1.15094,-1,-1,1,-1,-1,1,0,,-1,2015-11-03 10:34:13,0.0,0.0,2033
1405,2061793,30963,0.978261,-1,-1,1,-1,-1,1,0,,-1,2015-11-03 10:34:23,0.0,0.0,2033
1406,2061794,10107,1.075,-1,-1,1,-1,-1,1,0,,-1,2015-11-03 10:34:39,0.0,0.0,2033
1407,2061795,7586,0.993243,-1,-1,1,-1,-1,1,0,,-1,2015-11-03 10:35:02,0.0,0.0,2033
1408,2061796,10914,1.14286,-1,-1,1,-1,-1,1,0,,-1,2015-11-03 10:35:09,0.0,0.0,2033
1409,2061797,6448,0.923469,-1,-1,1,-1,-1,1,0,,-1,2015-11-03 10:35:21,0.0,0.0,2033
1410,2061798,7950,0.879518,-1,-1,1,-1,-1,1,0,,-1,2015-11-03 10:35:34,0.0,0.0,2033
1411,2061799,11362,1.01802,-1,-1,1,-1,-1,1,0,,-1,2015-11-03 10:36:05,0.0,0.0,2033
1412,2061800,3460,1.06897,-1,-1,1,-1,-1,1,0,,-1,2015-11-03 10:36:15,0.0,0.0,2033
1413,2061801,19055,1.17241,-1,-1,1,-1,-1,1,0,,-1,2015-11-03 10:36:31,0.0,0.0,2033
1414,2061802,46566,1.08295,-1,-1,1,-1,-1,1,0,,-1,2015-11-03 10:36:57,0.0,0.0,2033
1415,2061803,520,1.83146,-1,-1,1,-1,-1,1,0,,-1,2015-11-03 10:37:01,0.0,0.0,2033
1416,2061803,520,1.83146,-1,-1,1,-1,-1,1,0,,-1,2015-11-03 10:37:29,0.0,0.0,2033
1205,2061804,11296,0.93401,-1,-1,1,-1,-1,1,0,,-1,2015-11-03 09:11:46,0.0,0.0,2033
1206,2061805,11741,0.756863,-1,-1,1,-1,-1,1,0,,-1,2015-11-03 09:12:01,0.0,0.0,2033
1207,2061806,13115,1.02713,-1,-1,1,-1,-1,1,0,,-1,2015-11-03 09:12:18,0.0,0.0,2033
1417,2061807,8234,4.48182,-1,-1,1,-1,-1,1,0,,-1,2015-11-03 10:37:48,0.0,0.0,2033
1424,2061807,7860,1.08182,-1,-1,1,-1,-1,1,0,,-1,2015-11-03 10:41:30,0.0,0.0,2033
1425,2061808,3891,1.0974,-1,-1,1,-1,-1,1,0,,-1,2015-11-03 10:41:50,0.0,0.0,2033
1418,2061809,8284,0.738636,-1,-1,1,-1,-1,1,0,,-1,2015-11-03 10:38:02,0.0,0.0,2033
1419,2061810,3780,0.893855,-1,-1,1,-1,-1,1,0,,-1,2015-11-03 10:38:17,0.0,0.0,2033
1420,2061811,35367,0.86014,-1,-1,1,-1,-1,1,0,,-1,2015-11-03 10:38:32,0.0,0.0,2033
1421,2061812,7122,1.05839,-1,-1,1,-1,-1,1,0,,-1,2015-11-03 10:38:53,0.0,0.0,2033
1422,2061813,21745,1.12941,-1,-1,1,-1,-1,1,0,,-1,2015-11-03 10:39:37,0.0,0.0,2033
1423,2061814,560,0.741667,-1,-1,1,-1,-1,1,0,,-1,2015-11-03 10:39:53,0.0,0.0,2033
1227,2061815,6398,0,-1,-1,1,-1,-1,1,0,,-1,2015-11-03 09:23:27,0.0,0.0,2033
1228,2061815,6398,0,-1,-1,1,-1,-1,1,0,,-1,2015-11-03 09:23:43,0.0,0.0,2033
1229,2061816,11277,1.12088,-1,-1,1,-1,-1,1,0,,-1,2015-11-03 09:24:05,0.0,0.0,2033
1230,2061817,18198,1,-1,-1,1,-1,-1,1,0,,-1,2015-11-03 09:24:53,0.0,0.0,2033
1231,2061818,3682,1.08805,-1,-1,1,-1,-1,1,0,,-1,2015-11-03 09:25:12,0.0,0.0,2033
1232,2061819,5192,0.930435,-1,-1,1,-1,-1,1,0,,-1,2015-11-03 09:25:25,0.0,0.0,2033
1233,2061820,6390,1.12782,-1,-1,1,-1,-1,1,0,,-1,2015-11-03 09:25:40,0.0,0.0,2033
1234,2061821,173,1.28571,-1,-1,1,-1,-1,1,0,,-1,2015-11-03 09:25:43,0.0,0.0,2033
1235,2061822,2714,0.826923,-1,-1,1,-1,-1,1,0,,-1,2015-11-03 09:26:03,0.0,0.0,2033
1236,2061823,5223,1.03704,-1,-1,1,-1,-1,1,0,,-1,2015-11-03 09:26:14,0.0,0.0,2033
1237,2061824,54644,0.80625,-1,-1,1,-1,-1,1,0,,-1,2015-11-03 09:26:32,0.0,0.0,2033
1238,2061825,15028,0.79661,-1,-1,1,-1,-1,1,0,,-1,2015-11-03 09:26:44,0.0,0.0,2033
1239,2061826,2017,1.04717,-1,-1,1,-1,-1,1,0,,-1,2015-11-03 09:27:00,0.0,0.0,2033
1240,2061827,21343,1.74167,-1,-1,1,-1,-1,1,0,,-1,2015-11-03 09:27:45,0.0,0.0,2033
1241,2061827,21343,1.74167,-1,-1,1,-1,-1,1,0,,-1,2015-11-03 09:28:51,0.0,0.0,2033
1242,2061828,6130,0.978723,-1,-1,1,-1,-1,1,0,,-1,2015-11-03 09:29:40,0.0,0.0,2033
1243,2061829,17343,-2.39041,-1,-1,1,-1,-1,1,0,,-1,2015-11-03 09:30:13,0.0,0.0,2033
1244,2061829,17843,1.03425,-1,-1,1,-1,-1,1,0,,-1,2015-11-03 09:31:36,0.0,0.0,2033
1245,2061830,11624,0.614583,-1,-1,1,-1,-1,1,0,,-1,2015-11-03 09:32:33,0.0,0.0,2033
1246,2061830,11624,0.614583,-1,-1,1,-1,-1,1,0,,-1,2015-11-03 09:32:47,0.0,0.0,2033
1247,2061831,65161,1.11475,-1,-1,1,-1,-1,1,0,,-1,2015-11-03 09:32:57,0.0,0.0,2033
1248,2061832,77906,1.83465,-1,-1,1,-1,-1,1,0,,-1,2015-11-03 09:33:11,0.0,0.0,2033
1249,2061832,77906,1.83465,-1,-1,1,-1,-1,1,0,,-1,2015-11-03 09:33:25,0.0,0.0,2033
1250,2061833,4938,1.35802,-1,-1,1,-1,-1,1,0,,-1,2015-11-03 09:33:40,0.0,0.0,2033
1251,2061833,4938,1.35802,-1,-1,1,-1,-1,1,0,interno para fot,-1,2015-11-03 09:34:18,0.0,0.0,2033
1252,2061834,2570,0.822222,-1,-1,1,-1,-1,1,0,,-1,2015-11-03 09:34:39,0.0,0.0,2033
1699,2061836,5325,-35,-1,-1,1,-1,-1,1,0,,-1,2015-11-03 12:56:41,0.0,0.0,2033
1700,2061836,5325,-35,-1,-1,1,-1,-1,1,0,,-1,2015-11-03 12:57:09,0.0,0.0,2033
1701,2061837,2515,-16.9492,-1,-1,1,-1,-1,1,0,,-1,2015-11-03 12:57:15,0.0,0.0,2033
1702,2061837,3515,0,-1,-1,1,-1,-1,1,0,,-1,2015-11-03 12:57:31,0.0,0.0,2033
1703,2061837,3515,0,-1,-1,1,-1,-1,1,0,,-1,2015-11-03 12:57:34,0.0,0.0,2033
1704,2061838,6162,2.13636,-1,-1,1,-1,-1,1,0,,-1,2015-11-03 12:58:00,0.0,0.0,2033
1705,2061838,6162,2.13636,-1,-1,1,-1,-1,1,0,,-1,2015-11-03 12:58:22,0.0,0.0,2033
1706,2061839,4811,29.2642,-1,-1,1,-1,-1,1,0,,-1,2015-11-03 12:58:53,0.0,0.0,2033
1707,2061839,1811,0.962264,-1,-1,1,-1,-1,1,0,,-1,2015-11-03 12:59:14,0.0,0.0,2033
1708,2061840,14635,0.935644,-1,-1,1,-1,-1,1,0,m50,-1,2015-11-03 12:59:47,0.0,0.0,2033
1709,2061841,19447,1.21,-1,-1,1,-1,-1,1,0,,-1,2015-11-03 12:59:53,0.0,0.0,2033
1710,2061842,5998,1.21019,-1,-1,1,-1,-1,1,0,,-1,2015-11-03 12:59:58,0.0,0.0,2033
1711,2061843,3370,0.820988,-1,-1,1,-1,-1,1,0,,-1,2015-11-03 13:00:15,0.0,0.0,2033
1716,2061844,19325,1.05369,-1,-1,1,-1,-1,1,0,,-1,2015-11-03 13:01:28,0.0,0.0,2033
1712,2061845,1335,1.13636,-1,-1,1,-1,-1,1,0,,-1,2015-11-03 13:00:30,0.0,0.0,2033
1717,2061846,991,-68.7344,-1,-1,1,-1,-1,1,0,,-1,2015-11-03 13:01:39,0.0,0.0,2033
1718,2061846,9913,0.96875,-1,-1,1,-1,-1,1,0,,-1,2015-11-03 13:01:42,0.0,0.0,2033
1713,2061847,1414,0.897959,-1,-1,1,-1,-1,1,0,,-1,2015-11-03 13:00:35,0.0,0.0,2033
1719,2061848,33748,0.954733,-1,-1,1,-1,-1,1,0,,-1,2015-11-03 13:01:54,0.0,0.0,2033
1714,2061849,95,0,-1,-1,1,-1,-1,1,0,,-1,2015-11-03 13:00:45,0.0,0.0,2033
1715,2061849,95,0,-1,-1,1,-1,-1,1,0,,-1,2015-11-03 13:00:58,0.0,0.0,2033
1720,2061850,4212,0.913043,-1,-1,1,-1,-1,1,0,,-1,2015-11-03 13:02:07,0.0,0.0,2033
1721,2061851,10574,1.21795,-1,-1,1,-1,-1,1,0,,-1,2015-11-03 13:02:22,0.0,0.0,2033
1722,2061852,3054,1.04118,-1,-1,1,-1,-1,1,0,,-1,2015-11-03 13:02:37,0.0,0.0,2033
1723,2061853,1079,0.870968,-1,-1,1,-1,-1,1,0,,-1,2015-11-03 13:02:40,0.0,0.0,2033
1724,2061854,20798,0.943966,-1,-1,1,-1,-1,1,0,,-1,2015-11-03 13:02:49,0.0,0.0,2033
1675,2061855,5445,17.8963,-1,-1,1,-1,-1,1,0,,-1,2015-11-03 12:47:46,0.0,0.0,2033
1725,2061855,2688,1.08537,-1,-1,1,-1,-1,1,0,,-1,2015-11-03 13:03:18,0.0,0.0,2033
1674,2061856,9379,1.05435,-1,-1,1,-1,-1,1,0,,-1,2015-11-03 12:47:29,0.0,0.0,2033
1676,2061857,5445,1.03509,-1,-1,1,-1,-1,1,0,,-1,2015-11-03 12:48:35,0.0,0.0,2033
1677,2061858,10534,2.16535,-1,-1,1,-1,-1,1,0,,-1,2015-11-03 12:48:53,0.0,0.0,2033
1678,2061858,10384,0.984252,-1,-1,1,-1,-1,1,0,,-1,2015-11-03 12:49:03,0.0,0.0,2033
1679,2061859,8902,1.32143,-1,-1,1,-1,-1,1,0,,-1,2015-11-03 12:49:17,0.0,0.0,2033
1680,2061859,8902,1.32143,-1,-1,1,-1,-1,1,0,,-1,2015-11-03 12:49:35,0.0,0.0,2033
1681,2061860,22412,1.45217,-1,-1,1,-1,-1,1,0,,-1,2015-11-03 12:49:43,0.0,0.0,2033
1682,2061860,22419,1.51304,-1,-1,1,-1,-1,1,0,m52,-1,2015-11-03 12:50:10,0.0,0.0,2033
1683,2061860,22419,1.51304,-1,-1,1,-1,-1,1,0,m52,-1,2015-11-03 12:50:15,0.0,0.0,2033
1684,2061861,6093,1.05462,-1,-1,1,-1,-1,1,0,,-1,2015-11-03 12:51:01,0.0,0.0,2033
1685,2061863,7021,1.12381,-1,-1,1,-1,-1,1,0,,-1,2015-11-03 12:51:20,0.0,0.0,2033
1686,2061864,30603,1.06796,-1,-1,1,-1,-1,1,0,,-1,2015-11-03 12:51:31,0.0,0.0,2033
1687,2061865,7201,1.17222,-1,-1,1,-1,-1,1,0,,-1,2015-11-03 12:51:51,0.0,0.0,2033
1688,2061866,18876,1.10256,-1,-1,1,-1,-1,1,0,,-1,2015-11-03 12:52:11,0.0,0.0,2033
1689,2061867,9962,0.946281,-1,-1,1,-1,-1,1,0,,-1,2015-11-03 12:52:43,0.0,0.0,2033
1690,2061868,35479,0.994875,-1,-1,1,-1,-1,1,0,,-1,2015-11-03 12:53:16,0.0,0.0,2033
1697,2061869,8424,0.189815,-1,-1,1,-1,-1,1,0,,-1,2015-11-03 12:55:59,0.0,0.0,2033
1698,2061869,8424,0.189815,-1,-1,1,-1,-1,1,0,,-1,2015-11-03 12:56:13,0.0,0.0,2033
1652,2061870,23788,1.01439,-1,-1,1,-1,-1,1,0,,-1,2015-11-03 12:39:02,0.0,0.0,2033
1653,2061871,24681,1,-1,-1,1,-1,-1,1,0,,-1,2015-11-03 12:39:31,0.0,0.0,2033
1654,2061872,11773,1.19231,-1,-1,1,-1,-1,1,0,,-1,2015-11-03 12:39:51,0.0,0.0,2033
1655,2061873,11337,0.962264,-1,-1,1,-1,-1,1,0,,-1,2015-11-03 12:39:55,0.0,0.0,2033
1656,2061874,22298,0.941504,-1,-1,1,-1,-1,1,0,,-1,2015-11-03 12:40:28,0.0,0.0,2033
1657,2061875,10459,1.04286,-1,-1,1,-1,-1,1,0,,-1,2015-11-03 12:40:33,0.0,0.0,2033
1658,2061876,3141,1.20628,-1,-1,1,-1,-1,1,0,,-1,2015-11-03 12:40:47,0.0,0.0,2033
1659,2061877,2381,0.97861,-1,-1,1,-1,-1,1,0,,-1,2015-11-03 12:40:53,0.0,0.0,2033
1660,2061878,27843,1.10968,-1,-1,1,-1,-1,1,0,,-1,2015-11-03 12:41:04,0.0,0.0,2033
1661,2061879,-1,1,-1,-1,1,-1,-1,1,15,rejs,-1,2015-11-03 12:41:44,0.0,0.0,2033
1662,2061880,9216,1.17333,-1,-1,1,-1,-1,1,0,,-1,2015-11-03 12:42:00,0.0,0.0,2033
1663,2061881,26220,-13.5797,-1,-1,1,-1,-1,1,0,,-1,2015-11-03 12:42:05,0.0,0.0,2033
1664,2061881,28220,0.913043,-1,-1,1,-1,-1,1,0,,-1,2015-11-03 12:42:13,0.0,0.0,2033
1665,2061882,5267,0.945312,-1,-1,1,-1,-1,1,0,,-1,2015-11-03 12:42:23,0.0,0.0,2033
1666,2061883,14505,1.18325,-1,-1,1,-1,-1,1,0,,-1,2015-11-03 12:42:36,0.0,0.0,2033
1667,2061884,4593,1.06818,-1,-1,1,-1,-1,1,0,,-1,2015-11-03 12:45:24,0.0,0.0,2033
1668,2061885,12744,0.97619,-1,-1,1,-1,-1,1,0,,-1,2015-11-03 12:45:48,0.0,0.0,2033
1669,2061886,7907,0.952381,-1,-1,1,-1,-1,1,0,,-1,2015-11-03 12:46:05,0.0,0.0,2033
1670,2061887,14654,0.981818,-1,-1,1,-1,-1,1,0,,-1,2015-11-03 12:46:15,0.0,0.0,2033
1671,2061888,18319,2.41429,-1,-1,1,-1,-1,1,0,,-1,2015-11-03 12:46:22,0.0,0.0,2033
1672,2061888,18319,2.41429,-1,-1,1,-1,-1,1,0,,-1,2015-11-03 12:46:43,0.0,0.0,2033
1673,2061889,6767,1.01463,-1,-1,1,-1,-1,1,0,,-1,2015-11-03 12:47:01,0.0,0.0,2033
1726,2061890,21733,1.10169,-1,-1,1,-1,-1,1,0,,-1,2015-11-03 13:03:51,0.0,0.0,2033
1727,2061891,15371,1.19072,-1,-1,1,-1,-1,1,0,,-1,2015-11-03 13:04:17,0.0,0.0,2033
1728,2061892,18345,0.974359,-1,-1,1,-1,-1,1,0,,-1,2015-11-03 13:04:27,0.0,0.0,2033
1729,2061893,17751,1.02051,-1,-1,1,-1,-1,1,0,,-1,2015-11-03 13:05:41,0.0,0.0,2033
1730,2061894,23572,1.03463,-1,-1,1,-1,-1,1,0,m52,-1,2015-11-03 13:05:56,0.0,0.0,2033
1731,2061895,17060,1.06294,-1,-1,1,-1,-1,1,0,,-1,2015-11-03 13:06:07,0.0,0.0,2033
1732,2061896,19014,1.01258,-1,-1,1,-1,-1,1,0,,-1,2015-11-03 13:06:20,0.0,0.0,2033
1733,2061897,14693,0.0721649,-1,-1,1,-1,-1,1,0,,-1,2015-11-03 13:06:32,0.0,0.0,2033
1734,2061897,14693,0.0721649,-1,-1,1,-1,-1,1,0,,-1,2015-11-03 13:06:48,0.0,0.0,2033
1735,2061898,8093,0.977011,-1,-1,1,-1,-1,1,0,,-1,2015-11-03 13:06:57,0.0,0.0,2033
1736,2061899,31888,1.04895,-1,-1,1,-1,-1,1,0,,-1,2015-11-03 13:07:08,0.0,0.0,2033
1737,2061900,8944,1,-1,-1,1,-1,-1,1,0,,-1,2015-11-03 13:07:36,0.0,0.0,2033
1739,2061901,14091,1,-1,-1,1,-1,-1,1,0,,-1,2015-11-03 13:07:59,0.0,0.0,2033
1738,2061902,21198,1.24064,-1,-1,1,-1,-1,1,0,,-1,2015-11-03 13:07:45,0.0,0.0,2033
1740,2061903,16492,32,-1,-1,1,-1,-1,1,0,,-1,2015-11-03 13:08:24,0.0,0.0,2033
1742,2061903,13866,1.46512,-1,-1,1,-1,-1,1,0,,-1,2015-11-03 13:09:21,0.0,0.0,2033
1743,2061903,13863,1.43023,-1,-1,1,-1,-1,1,0,,-1,2015-11-03 13:09:28,0.0,0.0,2033
1741,2061904,16492,0.836478,-1,-1,1,-1,-1,1,0,,-1,2015-11-03 13:08:40,0.0,0.0,2033
1744,2061905,9819,0.989583,-1,-1,1,-1,-1,1,0,,-1,2015-11-03 13:09:48,0.0,0.0,2033
1745,2061906,10461,1,-1,-1,1,-1,-1,1,0,,-1,2015-11-03 13:09:59,0.0,0.0,2033
1746,2061907,16739,0.788571,-1,-1,1,-1,-1,1,0,,-1,2015-11-03 13:10:16,0.0,0.0,2033
1747,2061908,6432,0.915966,-1,-1,1,-1,-1,1,0,,-1,2015-11-03 13:10:44,0.0,0.0,2033
1748,2061909,2547,0.983051,-1,-1,1,-1,-1,1,0,,-1,2015-11-03 13:11:03,0.0,0.0,2033
1749,2061910,8399,0.6,-1,-1,1,-1,-1,1,0,,-1,2015-11-03 13:12:21,0.0,0.0,2033
1750,2061910,8399,0.6,-1,-1,1,-1,-1,1,0,,-1,2015-11-03 13:12:36,0.0,0.0,2033
1751,2061911,16857,10000000,-1,-1,1,-1,-1,1,0,,-1,2015-11-03 13:12:40,0.0,0.0,2033
1752,2061911,16851,4000000,-1,-1,1,-1,-1,1,0,,-1,2015-11-03 13:12:57,0.0,0.0,2033
1753,2061911,16851,4000000,-1,-1,1,-1,-1,1,0,,-1,2015-11-03 13:13:04,0.0,0.0,2033
1754,2061912,12656,0.861272,-1,-1,1,-1,-1,1,0,,-1,2015-11-03 13:14:17,0.0,0.0,2033
1755,2061913,20407,0.8,-1,-1,1,-1,-1,1,0,,-1,2015-11-03 13:14:36,0.0,0.0,2033
1756,2061914,23302,0.948052,-1,-1,1,-1,-1,1,0,,-1,2015-11-03 13:14:59,0.0,0.0,2033
1757,2061915,21029,0.970588,-1,-1,1,-1,-1,1,0,,-1,2015-11-03 13:15:07,0.0,0.0,2033
1758,2061916,20078,0.981884,-1,-1,1,-1,-1,1,0,,-1,2015-11-03 13:15:35,0.0,0.0,2033
1759,2061917,21762,1.11765,-1,-1,1,-1,-1,1,0,,-1,2015-11-03 13:15:51,0.0,0.0,2033
1760,2061918,25972,0.941748,-1,-1,1,-1,-1,1,0,,-1,2015-11-03 13:16:23,0.0,0.0,2033
1761,2061920,18657,127.905,-1,-1,1,-1,-1,1,0,,-1,2015-11-03 13:16:41,0.0,0.0,2033
1762,2061920,10657,0.920635,-1,-1,1,-1,-1,1,0,,-1,2015-11-03 13:16:47,0.0,0.0,2033
1763,2061921,20736,0.996139,-1,-1,1,-1,-1,1,0,,-1,2015-11-03 13:16:57,0.0,0.0,2033
1764,2061922,17285,0.966942,-1,-1,1,-1,-1,1,0,,-1,2015-11-03 13:17:23,0.0,0.0,2033
1644,2061923,19975,1.13804,-1,-1,1,-1,-1,1,0,,-1,2015-11-03 12:36:09,0.0,0.0,2033
1645,2061924,5086,1.05882,-1,-1,1,-1,-1,1,0,,-1,2015-11-03 12:36:28,0.0,0.0,2033
1646,2061925,9711,0.142857,-1,-1,1,-1,-1,1,0,,-1,2015-11-03 12:36:32,0.0,0.0,2033
1647,2061925,9711,0.142857,-1,-1,1,-1,-1,1,0,,-1,2015-11-03 12:36:45,0.0,0.0,2033
1650,2061926,22600,0.484848,-1,-1,1,-1,-1,1,22,empalmes,-1,2015-11-03 12:38:15,0.0,0.0,2033
1651,2061926,22600,0.484848,-1,-1,1,-1,-1,1,22,empalmes,-1,2015-11-03 12:38:22,0.0,0.0,2033
1765,2061927,2539,0.15873,-1,-1,1,-1,-1,1,0,,-1,2015-11-03 13:17:39,0.0,0.0,2033
1766,2061927,2539,0.15873,-1,-1,1,-1,-1,1,0,,-1,2015-11-03 13:17:53,0.0,0.0,2033
1767,2061928,2380,1.09091,-1,-1,1,-1,-1,1,0,,-1,2015-11-03 13:18:07,0.0,0.0,2033
1768,2061929,5303,1.27007,-1,-1,1,-1,-1,1,0,,-1,2015-11-03 13:18:12,0.0,0.0,2033
1769,2061930,4651,0.781457,-1,-1,1,-1,-1,1,0,,-1,2015-11-03 13:18:16,0.0,0.0,2033
1648,2061931,11455,1.06132,-1,-1,1,-1,-1,1,0,,-1,2015-11-03 12:37:09,0.0,0.0,2033
1649,2061932,4231,1.20909,-1,-1,1,-1,-1,1,0,,-1,2015-11-03 12:37:27,0.0,0.0,2033
1770,2061933,1501,-113.475,-1,-1,1,-1,-1,1,0,,-1,2015-11-03 13:19:05,0.0,0.0,2033
1771,2061933,15017,1.0678,-1,-1,1,-1,-1,1,0,,-1,2015-11-03 13:19:08,0.0,0.0,2033
1772,2061934,9334,2.57447,-1,-1,1,-1,-1,1,0,,-1,2015-11-03 13:19:23,0.0,0.0,2033
1773,2061934,9334,2.57447,-1,-1,1,-1,-1,1,0,m8,-1,2015-11-03 13:19:52,0.0,0.0,2033
1774,2061935,3667,2.16071,-1,-1,1,-1,-1,1,0,,-1,2015-11-03 13:20:05,0.0,0.0,2033
1775,2061935,3667,2.16071,-1,-1,1,-1,-1,1,0,,-1,2015-11-03 13:20:21,0.0,0.0,2033
1776,2061936,3968,0.142857,-1,-1,1,-1,-1,1,0,,-1,2015-11-03 13:20:32,0.0,0.0,2033
1777,2061936,3968,0.142857,-1,-1,1,-1,-1,1,0,,-1,2015-11-03 13:20:47,0.0,0.0,2033
1778,2061937,3058,0,-1,-1,1,-1,-1,1,0,,-1,2015-11-03 13:20:57,0.0,0.0,2033
1779,2061937,3058,0,-1,-1,1,-1,-1,1,0,,-1,2015-11-03 13:21:11,0.0,0.0,2033
1780,2061938,17437,1.06383,-1,-1,1,-1,-1,1,0,,-1,2015-11-03 13:21:24,0.0,0.0,2033
1781,2061939,1800,0,-1,-1,1,-1,-1,1,0,,-1,2015-11-03 13:21:41,0.0,0.0,2033
1782,2061939,1800,0,-1,-1,1,-1,-1,1,0,,-1,2015-11-03 13:21:59,0.0,0.0,2033
1783,2061940,21197,-41.6738,-1,-1,1,-1,-1,1,0,,-1,2015-11-03 13:22:19,0.0,0.0,2033
1784,2061940,27197,0.879433,-1,-1,1,-1,-1,1,0,,-1,2015-11-03 13:22:29,0.0,0.0,2033
1785,2061941,23675,1.01087,-1,-1,1,-1,-1,1,0,,-1,2015-11-03 13:22:42,0.0,0.0,2033
1786,2061942,67454,1.15757,-1,-1,1,-1,-1,1,0,,-1,2015-11-03 13:22:55,0.0,0.0,2033
1787,2061943,31427,0.972789,-1,-1,1,-1,-1,1,0,,-1,2015-11-03 13:23:08,0.0,0.0,2033
1788,2061944,40750,1.16484,-1,-1,1,-1,-1,1,0,,-1,2015-11-03 13:23:26,0.0,0.0,2033
1789,2061945,11428,0.801282,-1,-1,1,-1,-1,1,0,,-1,2015-11-03 13:23:41,0.0,0.0,2033
1790,2061946,17909,1.06145,-1,-1,1,-1,-1,1,0,,-1,2015-11-03 13:23:57,0.0,0.0,2033
1791,2061947,17060,1.20168,-1,-1,1,-1,-1,1,0,,-1,2015-11-03 13:24:18,0.0,0.0,2033
1792,2061948,14048,0.802469,-1,-1,1,-1,-1,1,0,,-1,2015-11-03 13:24:29,0.0,0.0,2033
1793,2061949,12427,1.02703,-1,-1,1,-1,-1,1,0,,-1,2015-11-03 13:24:47,0.0,0.0,2033
1794,2061950,3282,-68.4615,-1,-1,1,-1,-1,1,0,,-1,2015-11-03 13:25:32,0.0,0.0,2033
1795,2061950,13282,1.46853,-1,-1,1,-1,-1,1,0,m37,-1,2015-11-03 13:26:39,0.0,0.0,2033
1796,2061950,3282,-68.4615,-1,-1,1,-1,-1,1,0,m37,-1,2015-11-03 13:26:48,0.0,0.0,2033
1797,2061951,14935,0.98,-1,-1,1,-1,-1,1,0,,-1,2015-11-03 13:27:04,0.0,0.0,2033
1798,2061952,46627,-14.6094,-1,-1,1,-1,-1,1,0,,-1,2015-11-03 13:27:27,0.0,0.0,2033
1799,2061952,48627,1.01562,-1,-1,1,-1,-1,1,0,,-1,2015-11-03 13:27:35,0.0,0.0,2033
1800,2061953,275,-22.4952,-1,-1,1,-1,-1,1,0,,-1,2015-11-03 13:27:50,0.0,0.0,2033
1801,2061953,2735,0.933333,-1,-1,1,-1,-1,1,0,,-1,2015-11-03 13:27:53,0.0,0.0,2033
1802,2061954,3560,1.15865,-1,-1,1,-1,-1,1,0,,-1,2015-11-03 13:28:10,0.0,0.0,2033
1803,2061955,3195,-0.5,-1,-1,1,-1,-1,1,0,,-1,2015-11-03 13:28:32,0.0,0.0,2033
1804,2061955,3195,-0.5,-1,-1,1,-1,-1,1,0,,-1,2015-11-03 13:29:04,0.0,0.0,2033
1805,2061956,9490,1,-1,-1,1,-1,-1,1,0,,-1,2015-11-03 13:29:18,0.0,0.0,2033
1806,2061957,13413,1.0026,-1,-1,1,-1,-1,1,0,,-1,2015-11-03 13:29:35,0.0,0.0,2033
1807,2061958,-1,1,-1,-1,1,-1,-1,1,15,rejas m33,-1,2015-11-03 13:30:30,0.0,0.0,2033
1808,2061959,77249,0.942731,-1,-1,1,-1,-1,1,0,,-1,2015-11-03 13:31:02,0.0,0.0,2033
1809,2061960,60558,0.935096,-1,-1,1,-1,-1,1,0,,-1,2015-11-03 13:31:13,0.0,0.0,2033
1810,2061961,5721,1.31944,-1,-1,1,-1,-1,1,0,,-1,2015-11-03 13:31:25,0.0,0.0,2033
1811,2061961,5721,1.31944,-1,-1,1,-1,-1,1,0,,-1,2015-11-03 13:31:36,0.0,0.0,2033
1812,2061962,34295,1.49057,-1,-1,1,-1,-1,1,0,,-1,2015-11-03 13:31:47,0.0,0.0,2033
1813,2061962,34295,1.49057,-1,-1,1,-1,-1,1,0,m50,-1,2015-11-03 13:32:14,0.0,0.0,2033
1814,2061963,10024,1.00746,-1,-1,1,-1,-1,1,0,,-1,2015-11-03 13:32:30,0.0,0.0,2033
2058,2061964,3550,0.966667,-1,-1,1,-1,-1,1,0,,-1,2015-11-03 15:05:37,0.0,0.0,2033
2059,2061965,1658,-4.69091,-1,-1,1,-1,-1,1,0,,-1,2015-11-03 15:05:42,0.0,0.0,2033
2060,2061965,1958,0.763636,-1,-1,1,-1,-1,1,0,,-1,2015-11-03 15:06:11,0.0,0.0,2033
2061,2061966,53517,0.881423,-1,-1,1,-1,-1,1,0,,-1,2015-11-03 15:06:16,0.0,0.0,2033
2056,2061979,21480,0.977528,-1,-1,1,-1,-1,1,0,m50,-1,2015-11-03 15:03:40,0.0,0.0,2033
2057,2061980,6243,0.915254,-1,-1,1,-1,-1,1,0,,-1,2015-11-03 15:03:59,0.0,0.0,2033
