2662,2025859,-1,1,-1,-1,1,-1,-1,1,30,,-1,2015-11-03 12:26:22,0.0,0.0,1310
2570,2025921,5325,1.38194,-1,-1,1,-1,-1,1,0,,-1,2015-11-03 08:01:28,0.0,0.0,1310
2571,2025921,5325,1.38194,-1,-1,1,-1,-1,1,0,,-1,2015-11-03 08:02:08,0.0,0.0,1310
2572,2025925,6466,0.762887,-1,-1,1,-1,-1,1,0,,-1,2015-11-03 08:37:30,0.0,0.0,1310
2573,2025927,43554,1.07045,-1,-1,1,-1,-1,1,0,,-1,2015-11-03 08:44:28,0.0,0.0,1310
2574,2025928,5078,1.39194,-1,-1,1,-1,-1,1,0,,-1,2015-11-03 08:45:10,0.0,0.0,1310
2575,2025928,5078,1.39194,-1,-1,1,-1,-1,1,0,,-1,2015-11-03 08:45:32,0.0,0.0,1310
2576,2025929,7594,0.914414,-1,-1,1,-1,-1,1,0,,-1,2015-11-03 08:47:38,0.0,0.0,1310
2577,2025930,-1,1,-1,-1,1,-1,-1,1,17,alto opaco,-1,2015-11-03 08:48:19,0.0,0.0,1310
2578,2025931,17927,1.09865,-1,-1,1,-1,-1,1,0,,-1,2015-11-03 08:55:23,0.0,0.0,1310
2582,2025932,3968,0.464912,-1,-1,1,-1,-1,1,0,(Caja No Conforme),-1,2015-11-03 09:05:36,0.0,0.0,1310
2583,2025932,3968,0.464912,-1,-1,1,-1,-1,1,0,(Caja No Conforme),-1,2015-11-03 09:05:55,0.0,0.0,1310
2580,2025933,5706,7.8,-1,-1,1,-1,-1,1,0,,-1,2015-11-03 09:02:55,0.0,0.0,1310
2581,2025933,5706,7.8,-1,-1,1,-1,-1,1,0,,-1,2015-11-03 09:03:13,0.0,0.0,1310
2579,2025934,1257,0.979167,-1,-1,1,-1,-1,1,0,,-1,2015-11-03 08:57:58,0.0,0.0,1310
2584,2025935,4543,-6,-1,-1,1,-1,-1,1,34,,-1,2015-11-03 09:12:34,0.0,0.0,1310
2585,2025935,4543,-6,-1,-1,1,-1,-1,1,34,,-1,2015-11-03 09:12:39,0.0,0.0,1310
2586,2025936,23143,1.90878,-1,-1,1,-1,-1,1,0,tienda,-1,2015-11-03 09:16:57,0.0,0.0,1310
2587,2025936,23143,1.90878,-1,-1,1,-1,-1,1,0,tienda,-1,2015-11-03 09:17:40,0.0,0.0,1310
2591,2025937,11328,0.950495,-1,-1,1,-1,-1,1,0,,-1,2015-11-03 09:21:29,0.0,0.0,1310
2589,2025938,2568,1.38462,-1,-1,1,-1,-1,1,0,,-1,2015-11-03 09:20:28,0.0,0.0,1310
2590,2025938,2568,1.38462,-1,-1,1,-1,-1,1,0,,-1,2015-11-03 09:20:47,0.0,0.0,1310
2588,2025939,7702,1.24658,-1,-1,1,-1,-1,1,0,,-1,2015-11-03 09:19:11,0.0,0.0,1310
2592,2025940,27810,1.04545,-1,-1,1,-1,-1,1,0,(Sellos Termoplasticos),-1,2015-11-03 09:23:02,0.0,0.0,1310
2595,2025941,2739,1.13483,-1,-1,1,-1,-1,1,0,,-1,2015-11-03 09:26:47,0.0,0.0,1310
2593,2025942,4997,1.03086,-1,-1,1,-1,-1,1,0,,-1,2015-11-03 09:24:28,0.0,0.0,1310
2596,2025943,6762,1.01807,-1,-1,1,-1,-1,1,0,,-1,2015-11-03 09:27:32,0.0,0.0,1310
2594,2025944,2038,1.08989,-1,-1,1,-1,-1,1,0,,-1,2015-11-03 09:26:11,0.0,0.0,1310
2597,2025945,75282,1.10345,-1,-1,1,-1,-1,1,0,(Sellos de Plomo),-1,2015-11-03 09:29:10,0.0,0.0,1310
2602,2025946,2603,1.48352,-1,-1,1,-1,-1,1,0,,-1,2015-11-03 09:35:19,0.0,0.0,1310
2603,2025946,2603,1.48352,-1,-1,1,-1,-1,1,0,,-1,2015-11-03 09:35:41,0.0,0.0,1310
2601,2025947,6489,1.13699,-1,-1,1,-1,-1,1,0,,-1,2015-11-03 09:34:15,0.0,0.0,1310
2598,2025948,11987,1.01579,-1,-1,1,-1,-1,1,0,,-1,2015-11-03 09:29:49,0.0,0.0,1310
2599,2025949,8484,0,-1,-1,1,-1,-1,1,0,(Caja No Conforme)(Deshabitado Con Muebles),-1,2015-11-03 09:32:42,0.0,0.0,1310
2600,2025949,8484,0,-1,-1,1,-1,-1,1,0,(Caja No Conforme)(Deshabitado Con Muebles),-1,2015-11-03 09:33:16,0.0,0.0,1310
2611,2025950,4734,1.15068,-1,-1,1,-1,-1,1,0,,-1,2015-11-03 09:59:25,0.0,0.0,1310
2604,2025951,7590,0.111111,-1,-1,1,-1,-1,1,0,(Servicio Suspendido),-1,2015-11-03 09:38:15,0.0,0.0,1310
2605,2025951,7590,0.111111,-1,-1,1,-1,-1,1,0,(Servicio Suspendido),-1,2015-11-03 09:38:39,0.0,0.0,1310
2606,2025952,60,0,-1,-1,1,-1,-1,1,0,(Caja No Conforme),-1,2015-11-03 09:39:29,0.0,0.0,1310
2607,2025952,60,0,-1,-1,1,-1,-1,1,0,(Caja No Conforme),-1,2015-11-03 09:39:44,0.0,0.0,1310
2612,2025953,1746,0.5,-1,-1,1,-1,-1,1,0,,-1,2015-11-03 10:00:19,0.0,0.0,1310
2613,2025953,1746,0.5,-1,-1,1,-1,-1,1,0,,-1,2015-11-03 10:00:39,0.0,0.0,1310
2608,2025954,1530,0.818182,-1,-1,1,-1,-1,1,0,,-1,2015-11-03 09:41:04,0.0,0.0,1310
2614,2025955,2665,1.25,-1,-1,1,-1,-1,1,0,,-1,2015-11-03 10:02:15,0.0,0.0,1310
2615,2025956,-1,1,-1,-1,1,-1,-1,1,30,,-1,2015-11-03 10:03:58,0.0,0.0,1310
2619,2025957,36193,1.08065,-1,-1,1,-1,-1,1,0,(Sellos de Plomo),-1,2015-11-03 10:09:27,0.0,0.0,1310
2632,2025958,7704,0.991597,-1,-1,1,-1,-1,1,0,(Cod Ref Clientes Sin Legalizar)(Servicio Suspendido),-1,2015-11-03 10:34:38,0.0,0.0,1310
2622,2025959,-1,1,-1,-1,1,-1,-1,1,30,,-1,2015-11-03 10:16:14,0.0,0.0,1310
2621,2025960,4359,1.02353,-1,-1,1,-1,-1,1,0,(Cod Ref Clientes Sin Legalizar),-1,2015-11-03 10:13:09,0.0,0.0,1310
2617,2025961,18133,1.36283,-1,-1,1,-1,-1,1,0,,-1,2015-11-03 10:06:32,0.0,0.0,1310
2618,2025961,18133,1.36283,-1,-1,1,-1,-1,1,0,,-1,2015-11-03 10:06:54,0.0,0.0,1310
2620,2025962,-1,1,-1,-1,1,-1,-1,1,17,opaco,-1,2015-11-03 10:12:07,0.0,0.0,1310
2623,2025963,7917,0.873418,-1,-1,1,-1,-1,1,0,,-1,2015-11-03 10:20:26,0.0,0.0,1310
2624,2025964,14595,1.01227,-1,-1,1,-1,-1,1,0,(Sellos Termoplasticos),-1,2015-11-03 10:21:33,0.0,0.0,1310
2627,2025965,4096,1.13043,-1,-1,1,-1,-1,1,0,,-1,2015-11-03 10:23:51,0.0,0.0,1310
2625,2025966,157,0,-1,-1,1,-1,-1,1,0,,-1,2015-11-03 10:22:44,0.0,0.0,1310
2626,2025966,157,0,-1,-1,1,-1,-1,1,0,,-1,2015-11-03 10:23:12,0.0,0.0,1310
2616,2025967,7813,1.00893,-1,-1,1,-1,-1,1,0,(Caja No Conforme),-1,2015-11-03 10:05:09,0.0,0.0,1310
2628,2025968,13131,1.27559,-1,-1,1,-1,-1,1,0,,-1,2015-11-03 10:24:50,0.0,0.0,1310
2629,2025969,18102,1.13559,-1,-1,1,-1,-1,1,0,,-1,2015-11-03 10:28:05,0.0,0.0,1310
2630,2025970,478,3.36283,-1,-1,1,-1,-1,1,0,,-1,2015-11-03 10:28:18,0.0,0.0,1310
2631,2025970,478,3.36283,-1,-1,1,-1,-1,1,0,,-1,2015-11-03 10:28:39,0.0,0.0,1310
2633,2025971,33825,0.987362,-1,-1,1,-1,-1,1,0,,-1,2015-11-03 10:37:42,0.0,0.0,1310
2634,2025972,482,1.9195,-1,-1,1,-1,-1,1,0,,-1,2015-11-03 10:38:16,0.0,0.0,1310
2635,2025972,482,1.9195,-1,-1,1,-1,-1,1,0,,-1,2015-11-03 10:39:02,0.0,0.0,1310
2636,2025973,13550,1.08333,-1,-1,1,-1,-1,1,0,,-1,2015-11-03 10:40:20,0.0,0.0,1310
2639,2025974,13466,0,-1,-1,1,-1,-1,1,0,,-1,2015-11-03 10:43:51,0.0,0.0,1310
2640,2025974,13466,0,-1,-1,1,-1,-1,1,34,,-1,2015-11-03 10:44:30,0.0,0.0,1310
2642,2025975,2029,0.522876,-1,-1,1,-1,-1,1,0,,-1,2015-11-03 10:47:08,0.0,0.0,1310
2643,2025975,2029,0.522876,-1,-1,1,-1,-1,1,0,,-1,2015-11-03 10:47:42,0.0,0.0,1310
2637,2025976,8211,0,-1,-1,1,-1,-1,1,0,,-1,2015-11-03 10:41:07,0.0,0.0,1310
2638,2025976,8211,0,-1,-1,1,-1,-1,1,34,,-1,2015-11-03 10:42:00,0.0,0.0,1310
2641,2025977,2287,1.00855,-1,-1,1,-1,-1,1,0,,-1,2015-11-03 10:46:06,0.0,0.0,1310
2644,2025978,5855,0.879121,-1,-1,1,-1,-1,1,0,(Cod Ref Clientes Sin Legalizar),-1,2015-11-03 10:50:07,0.0,0.0,1310
2645,2025979,5079,0.975,-1,-1,1,-1,-1,1,0,(Cod Ref Clientes Sin Legalizar),-1,2015-11-03 10:51:19,0.0,0.0,1310
2646,2025980,1308,0.8,-1,-1,1,-1,-1,1,0,,-1,2015-11-03 10:52:37,0.0,0.0,1310
2647,2025981,22715,0.27027,-1,-1,1,-1,-1,1,52,(Servicio Suspendido),0,2015-11-03 10:55:23,0.0,0.0,1310
2648,2025981,22715,0.27027,-1,-1,1,-1,-1,1,52,(Servicio Suspendido),0,2015-11-03 10:55:45,0.0,0.0,1310
2649,2025982,3995,0.692308,-1,-1,1,-1,-1,1,0,,-1,2015-11-03 10:57:01,0.0,0.0,1310
2650,2025982,3995,0.692308,-1,-1,1,-1,-1,1,0,,-1,2015-11-03 10:57:25,0.0,0.0,1310
2651,2025983,4403,1.82848,-1,-1,1,-1,-1,1,0,,-1,2015-11-03 10:59:12,0.0,0.0,1310
2652,2025983,4403,1.82848,-1,-1,1,-1,-1,1,0,,-1,2015-11-03 10:59:57,0.0,0.0,1310
2654,2025984,24799,0.929687,-1,-1,1,-1,-1,1,0,(Sellos Termoplasticos),-1,2015-11-03 11:04:07,0.0,0.0,1310
2660,2025985,9668,0.863636,-1,-1,1,-1,-1,1,0,,-1,2015-11-03 11:13:49,0.0,0.0,1310
2661,2025986,68,0.909091,-1,-1,1,-1,-1,1,0,,-1,2015-11-03 11:14:05,0.0,0.0,1310
2655,2025987,26945,1.02586,-1,-1,1,-1,-1,1,0,,-1,2015-11-03 11:06:38,0.0,0.0,1310
2609,2025988,7482,1.5122,-1,-1,1,-1,-1,1,0,,-1,2015-11-03 09:57:45,0.0,0.0,1310
2610,2025988,7482,1.5122,-1,-1,1,-1,-1,1,0,,-1,2015-11-03 09:58:07,0.0,0.0,1310
2656,2025989,3965,0.644172,-1,-1,1,-1,-1,1,0,,-1,2015-11-03 11:09:21,0.0,0.0,1310
2657,2025989,3965,0.644172,-1,-1,1,-1,-1,1,0,,-1,2015-11-03 11:09:44,0.0,0.0,1310
2653,2025990,11525,1.09167,-1,-1,1,-1,-1,1,0,,-1,2015-11-03 11:01:56,0.0,0.0,1310
2658,2025991,1001,0.02,-1,-1,1,-1,-1,1,0,,-1,2015-11-03 11:10:54,0.0,0.0,1310
2659,2025991,1001,0.02,-1,-1,1,-1,-1,1,34,,-1,2015-11-03 11:11:53,0.0,0.0,1310
