5696,2032456,931,0,-1,-1,1,-1,-1,1,0,,-1,2015-11-02 15:52:14,0.0,0.0,2063
5697,2032456,931,0,-1,-1,1,-1,-1,1,0,,-1,2015-11-02 15:52:26,0.0,0.0,2063
5698,2032457,572,2.12,-1,-1,1,-1,-1,1,0,,-1,2015-11-02 15:52:39,0.0,0.0,2063
5699,2032457,572,2.12,-1,-1,1,-1,-1,1,0,,-1,2015-11-02 15:52:52,0.0,0.0,2063
5700,2032458,22728,1.02655,-1,-1,1,-1,-1,1,0,,-1,2015-11-02 15:53:08,0.0,0.0,2063
5701,2032459,8415,0.934272,-1,-1,1,-1,-1,1,0,,-1,2015-11-02 15:53:33,0.0,0.0,2063
5702,2032460,12152,1,-1,-1,1,-1,-1,1,0,,-1,2015-11-02 15:53:48,0.0,0.0,2063
5703,2032461,23756,0.915538,-1,-1,1,-1,-1,1,0,,-1,2015-11-02 15:54:29,0.0,0.0,2063
5704,2032462,11732,0.75,-1,-1,1,-1,-1,1,0,,-1,2015-11-02 15:55:01,0.0,0.0,2063
5705,2032463,9875,0,-1,-1,1,-1,-1,1,0,,-1,2015-11-02 15:55:05,0.0,0.0,2063
5706,2032463,9875,0,-1,-1,1,-1,-1,1,0,,-1,2015-11-02 15:55:22,0.0,0.0,2063
5707,2032464,22041,0.467949,-1,-1,1,-1,-1,1,0,,-1,2015-11-02 15:55:26,0.0,0.0,2063
5708,2032464,22041,0.467949,-1,-1,1,-1,-1,1,0,,-1,2015-11-02 15:55:42,0.0,0.0,2063
5709,2032465,4521,0.946667,-1,-1,1,-1,-1,1,0,,-1,2015-11-02 15:55:46,0.0,0.0,2063
5710,2032466,19564,1.06018,-1,-1,1,-1,-1,1,0,,-1,2015-11-02 15:56:11,0.0,0.0,2063
5711,2032467,33433,1.10579,-1,-1,1,-1,-1,1,0,(Caja No Conforme),-1,2015-11-02 15:56:36,0.0,0.0,2063
5712,2032468,18279,1.39744,-1,-1,1,-1,-1,1,0,(Caja No Conforme),-1,2015-11-02 15:56:39,0.0,0.0,2063
5713,2032468,18279,1.39744,-1,-1,1,-1,-1,1,0,(Caja No Conforme),-1,2015-11-02 15:57:01,0.0,0.0,2063
5714,2032469,4545,-220.228,-1,-1,1,-1,-1,1,0,,-1,2015-11-02 15:59:31,0.0,0.0,2063
5715,2032469,45245,0.967391,-1,-1,1,-1,-1,1,0,,-1,2015-11-02 15:59:36,0.0,0.0,2063
5716,2032470,21975,0.970356,-1,-1,1,-1,-1,1,0,,-1,2015-11-02 15:59:39,0.0,0.0,2063
5717,2032471,4507,1.33077,-1,-1,1,-1,-1,1,0,,-1,2015-11-02 16:00:09,0.0,0.0,2063
5718,2032471,4507,1.33077,-1,-1,1,-1,-1,1,0,,-1,2015-11-02 16:00:20,0.0,0.0,2063
5719,2032472,288,-32.8026,-1,-1,1,-1,-1,1,0,,-1,2015-11-02 16:00:33,0.0,0.0,2063
5720,2032472,2883,1.34211,-1,-1,1,-1,-1,1,0,,-1,2015-11-02 16:00:47,0.0,0.0,2063
5721,2032472,2883,1.34211,-1,-1,1,-1,-1,1,0,,-1,2015-11-02 16:00:57,0.0,0.0,2063
5722,2032473,59591,1.08633,-1,-1,1,-1,-1,1,0,,-1,2015-11-02 16:01:30,0.0,0.0,2063
5723,2032474,2382,1.02963,-1,-1,1,-1,-1,1,0,,-1,2015-11-02 16:01:34,0.0,0.0,2063
5724,2032475,23412,0.426901,-1,-1,1,-1,-1,1,0,,-1,2015-11-02 16:01:48,0.0,0.0,2063
5725,2032475,23412,0.426901,-1,-1,1,-1,-1,1,0,(Sellos Termoplasticos),-1,2015-11-02 16:02:06,0.0,0.0,2063
5726,2032476,-1,1,-1,-1,1,-1,-1,1,15,MMA rejas,-1,2015-11-02 16:02:50,0.0,0.0,2063
5727,2032477,20776,-93.6947,-1,-1,1,-1,-1,1,0,,-1,2015-11-02 16:03:19,0.0,0.0,2063
5728,2032477,29776,1.04211,-1,-1,1,-1,-1,1,0,,-1,2015-11-02 16:03:22,0.0,0.0,2063
5729,2032478,17150,0.632812,-1,-1,1,-1,-1,1,0,,-1,2015-11-02 16:03:34,0.0,0.0,2063
5730,2032478,17150,0.632812,-1,-1,1,-1,-1,1,0,,-1,2015-11-02 16:03:59,0.0,0.0,2063
5731,2032479,23790,0.99798,-1,-1,1,-1,-1,1,0,,-1,2015-11-02 16:04:03,0.0,0.0,2063
5732,2032480,46936,0.966667,-1,-1,1,-1,-1,1,0,,-1,2015-11-02 16:04:43,0.0,0.0,2063
5733,2032481,28733,0.768293,-1,-1,1,-1,-1,1,0,,-1,2015-11-02 16:05:58,0.0,0.0,2063
5734,2032482,8389,1.39597,-1,-1,1,-1,-1,1,0,,-1,2015-11-02 16:06:41,0.0,0.0,2063
5735,2032482,8389,1.39597,-1,-1,1,-1,-1,1,0,,-1,2015-11-02 16:06:55,0.0,0.0,2063
5736,2032483,34034,1.22156,-1,-1,1,-1,-1,1,0,,-1,2015-11-02 16:07:01,0.0,0.0,2063
5737,2032484,17262,1.25177,-1,-1,1,-1,-1,1,0,,-1,2015-11-02 16:07:34,0.0,0.0,2063
5738,2032485,5623,1,-1,-1,1,-1,-1,1,0,,-1,2015-11-02 16:07:46,0.0,0.0,2063
5739,2032486,2595,1.15385,-1,-1,1,-1,-1,1,0,,-1,2015-11-02 16:08:00,0.0,0.0,2063
5740,2032487,4732,1.13043,-1,-1,1,-1,-1,1,0,,-1,2015-11-02 16:08:15,0.0,0.0,2063
5741,2032488,23483,0.815217,-1,-1,1,-1,-1,1,0,,-1,2015-11-02 16:08:25,0.0,0.0,2063
5742,2032489,10496,2.45714,-1,-1,1,-1,-1,1,0,,-1,2015-11-02 16:08:34,0.0,0.0,2063
5743,2032489,10496,2.45714,-1,-1,1,-1,-1,1,0,,-1,2015-11-02 16:08:56,0.0,0.0,2063
5744,2032490,5784,-3.61468,-1,-1,1,-1,-1,1,0,,-1,2015-11-02 16:09:01,0.0,0.0,2063
5745,2032490,6784,0.972477,-1,-1,1,-1,-1,1,0,,-1,2015-11-02 16:09:05,0.0,0.0,2063
5746,2032491,7538,0.75,-1,-1,1,-1,-1,1,0,,-1,2015-11-02 16:09:07,0.0,0.0,2063
5747,2032492,25502,1.03333,-1,-1,1,-1,-1,1,0,,-1,2015-11-02 16:09:35,0.0,0.0,2063
5748,2032493,1753,-0.0444444,-1,-1,1,-1,-1,1,0,,-1,2015-11-02 16:09:38,0.0,0.0,2063
5749,2032493,1756,0.0222222,-1,-1,1,-1,-1,1,0,,-1,2015-11-02 16:10:01,0.0,0.0,2063
5750,2032493,1756,0.0222222,-1,-1,1,-1,-1,1,0,,-1,2015-11-02 16:10:03,0.0,0.0,2063
5751,2032494,2509,0.895652,-1,-1,1,-1,-1,1,0,,-1,2015-11-02 16:10:10,0.0,0.0,2063
5752,2032495,984,1.05263,-1,-1,1,-1,-1,1,0,,-1,2015-11-02 16:10:13,0.0,0.0,2063
5754,2032496,104,11.6,-1,-1,1,-1,-1,1,0,,-1,2015-11-02 16:10:41,0.0,0.0,2063
5755,2032496,104,11.6,-1,-1,1,-1,-1,1,0,,-1,2015-11-02 16:11:03,0.0,0.0,2063
5753,2032497,18656,0.820423,-1,-1,1,-1,-1,1,0,,-1,2015-11-02 16:10:36,0.0,0.0,2063
5756,2032498,7902,0.530928,-1,-1,1,-1,-1,1,0,,-1,2015-11-02 16:11:19,0.0,0.0,2063
5757,2032498,7902,0.530928,-1,-1,1,-1,-1,1,0,,-1,2015-11-02 16:11:36,0.0,0.0,2063
5758,2032499,1005,0.653333,-1,-1,1,-1,-1,1,0,,-1,2015-11-02 16:11:49,0.0,0.0,2063
5759,2032499,1005,0.653333,-1,-1,1,-1,-1,1,0,,-1,2015-11-02 16:12:16,0.0,0.0,2063
5760,2032500,23481,0.427419,-1,-1,1,-1,-1,1,0,,-1,2015-11-02 16:12:31,0.0,0.0,2063
5761,2032500,23481,0.427419,-1,-1,1,-1,-1,1,0,,-1,2015-11-02 16:12:42,0.0,0.0,2063
5762,2032501,12155,0.914798,-1,-1,1,-1,-1,1,0,,-1,2015-11-02 16:13:02,0.0,0.0,2063
5763,2032502,38092,1.22948,-1,-1,1,-1,-1,1,0,,-1,2015-11-02 16:13:20,0.0,0.0,2063
5764,2032503,14051,0.448,-1,-1,1,-1,-1,1,0,,-1,2015-11-02 16:13:23,0.0,0.0,2063
5765,2032503,14051,0.448,-1,-1,1,-1,-1,1,0,,-1,2015-11-02 16:13:40,0.0,0.0,2063
5766,2032504,7177,0.966102,-1,-1,1,-1,-1,1,0,,-1,2015-11-02 16:13:56,0.0,0.0,2063
5767,2032505,8679,0.963303,-1,-1,1,-1,-1,1,0,,-1,2015-11-02 16:14:00,0.0,0.0,2063
5768,2032506,3389,0.971831,-1,-1,1,-1,-1,1,0,,-1,2015-11-02 16:14:12,0.0,0.0,2063
5769,2032507,4286,3.425,-1,-1,1,-1,-1,1,0,,-1,2015-11-02 16:14:14,0.0,0.0,2063
5770,2032507,4286,3.425,-1,-1,1,-1,-1,1,0,,-1,2015-11-02 16:14:27,0.0,0.0,2063
5771,2032508,15462,1.01716,-1,-1,1,-1,-1,1,0,,-1,2015-11-02 16:14:56,0.0,0.0,2063
5773,2032762,2136,1.42105,-1,-1,1,-1,-1,1,0,,-1,2015-11-02 16:21:58,0.0,0.0,2063
5774,2032762,2136,1.42105,-1,-1,1,-1,-1,1,0,,-1,2015-11-02 16:22:16,0.0,0.0,2063
5772,2032763,5243,1.07273,-1,-1,1,-1,-1,1,0,,-1,2015-11-02 16:21:52,0.0,0.0,2063
