3707,2028311,51473,1.09274,-1,-1,1,-1,-1,1,0,(Caja No Conforme),-1,2015-11-03 10:46:52,0.0,0.0,2014
3708,2028312,26854,0.557292,-1,-1,1,-1,-1,1,0,,-1,2015-11-03 10:47:16,0.0,0.0,2014
3709,2028312,26854,0.557292,-1,-1,1,-1,-1,1,0,,-1,2015-11-03 10:47:34,0.0,0.0,2014
3681,2028313,44978,1.38189,-1,-1,1,-1,-1,1,0,,-1,2015-11-03 10:29:34,0.0,0.0,2014
3682,2028313,44978,1.38189,-1,-1,1,-1,-1,1,0,,-1,2015-11-03 10:30:22,0.0,0.0,2014
3679,2028314,23385,1.03043,-1,-1,1,-1,-1,1,0,,-1,2015-11-03 10:27:16,0.0,0.0,2014
3680,2028315,15220,0.905109,-1,-1,1,-1,-1,1,0,,-1,2015-11-03 10:29:13,0.0,0.0,2014
3683,2028317,42518,3.21629,-1,-1,1,-1,-1,1,0,,-1,2015-11-03 10:31:22,0.0,0.0,2014
3684,2028317,42518,3.21629,-1,-1,1,-1,-1,1,0,(Tapa Opaca o Pintada),-1,2015-11-03 10:31:47,0.0,0.0,2014
3685,2028318,37526,1.34513,-1,-1,1,-1,-1,1,0,,-1,2015-11-03 10:32:39,0.0,0.0,2014
3686,2028318,37526,1.34513,-1,-1,1,-1,-1,1,0,(Lectura Tomada Con Binoculares),15,2015-11-03 10:33:22,0.0,0.0,2014
3688,2028319,27336,1.00556,-1,-1,1,-1,-1,1,0,,-1,2015-11-03 10:34:28,0.0,0.0,2014
3687,2028320,1079,0.917808,-1,-1,1,-1,-1,1,0,,-1,2015-11-03 10:34:06,0.0,0.0,2014
3689,2028321,15145,0.877551,-1,-1,1,-1,-1,1,0,,-1,2015-11-03 10:35:03,0.0,0.0,2014
3690,2028322,13890,0.971831,-1,-1,1,-1,-1,1,0,,-1,2015-11-03 10:35:43,0.0,0.0,2014
3691,2028323,2350,0.991803,-1,-1,1,-1,-1,1,0,,-1,2015-11-03 10:35:48,0.0,0.0,2014
3692,2028324,5334,1.45669,-1,-1,1,-1,-1,1,0,,-1,2015-11-03 10:37:28,0.0,0.0,2014
3693,2028324,5334,1.45669,-1,-1,1,-1,-1,1,0,,-1,2015-11-03 10:37:58,0.0,0.0,2014
3694,2028325,2642,7.05882,-1,-1,1,-1,-1,1,0,,-1,2015-11-03 10:38:05,0.0,0.0,2014
3695,2028325,2642,7.05882,-1,-1,1,-1,-1,1,0,,-1,2015-11-03 10:38:24,0.0,0.0,2014
3696,2028326,3443,0.891473,-1,-1,1,-1,-1,1,0,,-1,2015-11-03 10:39:12,0.0,0.0,2014
3697,2028327,3068,1.25604,-1,-1,1,-1,-1,1,0,,-1,2015-11-03 10:39:39,0.0,0.0,2014
3701,2028328,1995,1.32394,-1,-1,1,-1,-1,1,0,,-1,2015-11-03 10:41:07,0.0,0.0,2014
3702,2028328,1995,1.32394,-1,-1,1,-1,-1,1,0,,-1,2015-11-03 10:41:36,0.0,0.0,2014
3698,2028329,38496,1.23279,-1,-1,1,-1,-1,1,0,,-1,2015-11-03 10:40:08,0.0,0.0,2014
3703,2028330,21164,1.18396,-1,-1,1,-1,-1,1,0,,-1,2015-11-03 10:42:10,0.0,0.0,2014
3699,2028331,3661,1.4916,-1,-1,1,-1,-1,1,0,,-1,2015-11-03 10:40:33,0.0,0.0,2014
3700,2028331,3661,1.4916,-1,-1,1,-1,-1,1,0,,-1,2015-11-03 10:40:49,0.0,0.0,2014
3704,2028332,38175,1.80058,-1,-1,1,-1,-1,1,0,,-1,2015-11-03 10:42:49,0.0,0.0,2014
3705,2028332,38175,1.80058,-1,-1,1,-1,-1,1,0,,-1,2015-11-03 10:43:05,0.0,0.0,2014
3706,2028333,17077,0.849057,-1,-1,1,-1,-1,1,0,,-1,2015-11-03 10:43:17,0.0,0.0,2014
3710,2028372,10602,1.15504,-1,-1,1,-1,-1,1,0,,-1,2015-11-03 10:50:23,0.0,0.0,2014
3711,2028374,1345,8.625,-1,-1,1,-1,-1,1,0,,-1,2015-11-03 10:52:31,0.0,0.0,2014
3712,2028374,1345,8.625,-1,-1,1,-1,-1,1,0,,-1,2015-11-03 10:52:58,0.0,0.0,2014
3713,2028376,50921,0.997167,-1,-1,1,-1,-1,1,0,,-1,2015-11-03 11:04:00,0.0,0.0,2014
3714,2028379,9084,2.42553,-1,-1,1,-1,-1,1,0,,-1,2015-11-03 11:04:34,0.0,0.0,2014
3715,2028379,9084,2.42553,-1,-1,1,-1,-1,1,0,,-1,2015-11-03 11:04:47,0.0,0.0,2014
3717,2028381,12,0.333333,-1,-1,1,-1,-1,1,0,,-1,2015-11-03 11:06:25,0.0,0.0,2014
3718,2028381,12,0.333333,-1,-1,1,-1,-1,1,0,,-1,2015-11-03 11:06:56,0.0,0.0,2014
3716,2028382,21190,1.24242,-1,-1,1,-1,-1,1,0,,-1,2015-11-03 11:05:24,0.0,0.0,2014
3719,2028386,23175,0.795181,-1,-1,1,-1,-1,1,0,,-1,2015-11-03 11:10:23,0.0,0.0,2014
3720,2028387,9377,0.567164,-1,-1,1,-1,-1,1,0,,-1,2015-11-03 11:12:07,0.0,0.0,2014
3721,2028387,9377,0.567164,-1,-1,1,-1,-1,1,0,(Lectura Tomada Con Binoculares),-1,2015-11-03 11:14:06,0.0,0.0,2014
3732,2028388,45709,82.2319,-1,-1,1,-1,-1,1,0,,-1,2015-11-03 11:26:15,0.0,0.0,2014
3733,2028388,5709,1.58669,-1,-1,1,-1,-1,1,0,,-1,2015-11-03 11:26:41,0.0,0.0,2014
3734,2028388,5709,1.58669,-1,-1,1,-1,-1,1,0,,-1,2015-11-03 11:26:57,0.0,0.0,2014
3725,2028393,66950,0.653247,-1,-1,1,-1,-1,1,0,,-1,2015-11-03 11:19:54,0.0,0.0,2014
3726,2028393,66950,0.653247,-1,-1,1,-1,-1,1,0,,-1,2015-11-03 11:20:15,0.0,0.0,2014
3723,2028394,99378,0.000686813,-1,-1,1,-1,-1,1,0,,-1,2015-11-03 11:19:21,0.0,0.0,2014
3724,2028394,99378,0.000686813,-1,-1,1,-1,-1,1,0,,-1,2015-11-03 11:19:43,0.0,0.0,2014
3729,2028395,33544,0.923711,-1,-1,1,-1,-1,1,0,,-1,2015-11-03 11:23:56,0.0,0.0,2014
3742,2028396,5107,0.766467,-1,-1,1,-1,-1,1,0,,-1,2015-11-03 11:33:44,0.0,0.0,2014
3730,2028397,8456,1.008,-1,-1,1,-1,-1,1,0,,-1,2015-11-03 11:24:35,0.0,0.0,2014
3737,2028398,628,1.70909,-1,-1,1,-1,-1,1,0,,-1,2015-11-03 11:29:17,0.0,0.0,2014
3738,2028398,628,1.70909,-1,-1,1,-1,-1,1,0,,-1,2015-11-03 11:29:29,0.0,0.0,2014
3745,2028399,6656,1.85739,-1,-1,1,-1,-1,1,0,,-1,2015-11-03 11:36:08,0.0,0.0,2014
3746,2028399,6656,1.85739,-1,-1,1,-1,-1,1,0,,-1,2015-11-03 11:36:33,0.0,0.0,2014
3739,2028400,1482,0.461538,-1,-1,1,-1,-1,1,0,,-1,2015-11-03 11:30:59,0.0,0.0,2014
3740,2028400,1482,0.461538,-1,-1,1,-1,-1,1,0,,-1,2015-11-03 11:31:17,0.0,0.0,2014
3741,2028401,-1,1,-1,-1,1,-1,-1,1,15,(Reja Con Candado),-1,2015-11-03 11:32:48,0.0,0.0,2014
3743,2028402,8727,1.04839,-1,-1,1,-1,-1,1,0,,-1,2015-11-03 11:34:14,0.0,0.0,2014
3736,2028403,270,0.957746,-1,-1,1,-1,-1,1,0,,-1,2015-11-03 11:28:23,0.0,0.0,2014
3731,2028404,9162,0.808036,-1,-1,1,-1,-1,1,0,,-1,2015-11-03 11:25:14,0.0,0.0,2014
3747,2028405,9700,1.29398,-1,-1,1,-1,-1,1,0,,-1,2015-11-03 11:37:05,0.0,0.0,2014
3735,2028406,10226,1.00202,-1,-1,1,-1,-1,1,0,,-1,2015-11-03 11:27:50,0.0,0.0,2014
3748,2028407,5278,0.680851,-1,-1,1,-1,-1,1,0,,-1,2015-11-03 11:37:29,0.0,0.0,2014
3749,2028407,5278,0.680851,-1,-1,1,-1,-1,1,0,,-1,2015-11-03 11:37:56,0.0,0.0,2014
3744,2028408,3568,1.17021,-1,-1,1,-1,-1,1,0,,-1,2015-11-03 11:35:27,0.0,0.0,2014
3750,2028409,30682,1.45385,-1,-1,1,-1,-1,1,0,,-1,2015-11-03 11:38:04,0.0,0.0,2014
3751,2028409,30682,1.45385,-1,-1,1,-1,-1,1,0,,-1,2015-11-03 11:38:24,0.0,0.0,2014
3752,2028410,9217,1,-1,-1,1,-1,-1,1,0,,-1,2015-11-03 11:39:08,0.0,0.0,2014
3753,2028411,-1,1,-1,-1,1,-1,-1,1,35,lectura 3,-1,2015-11-03 11:42:08,0.0,0.0,2014
3754,2028412,2925,1.18333,-1,-1,1,-1,-1,1,0,,-1,2015-11-03 11:42:30,0.0,0.0,2014
3755,2028413,34213,0.618893,-1,-1,1,-1,-1,1,0,,-1,2015-11-03 11:42:45,0.0,0.0,2014
3756,2028413,34213,0.618893,-1,-1,1,-1,-1,1,0,,-1,2015-11-03 11:43:04,0.0,0.0,2014
3757,2028414,11022,1.10801,-1,-1,1,-1,-1,1,0,,-1,2015-11-03 11:43:38,0.0,0.0,2014
3758,2028415,7079,0.965812,-1,-1,1,-1,-1,1,0,,-1,2015-11-03 11:44:11,0.0,0.0,2014
3727,2028416,17318,0.641026,-1,-1,1,-1,-1,1,0,,-1,2015-11-03 11:21:46,0.0,0.0,2014
3728,2028416,17318,0.641026,-1,-1,1,-1,-1,1,0,,-1,2015-11-03 11:22:10,0.0,0.0,2014
3722,2028433,3954,0.96875,-1,-1,1,-1,-1,1,0,,-1,2015-11-03 11:18:09,0.0,0.0,2014
3759,2028436,33826,1.11407,-1,-1,1,-1,-1,1,0,,-1,2015-10-27 11:48:58,0.0,0.0,2014
3762,2028442,47963,1.01596,-1,-1,1,-1,-1,1,0,,-1,2015-11-03 11:59:08,0.0,0.0,2014
3763,2028444,64771,1.18768,-1,-1,1,-1,-1,1,0,,-1,2015-11-03 12:01:51,0.0,0.0,2014
3764,2028445,13383,1.24438,-1,-1,1,-1,-1,1,0,,-1,2015-11-03 12:02:27,0.0,0.0,2014
3760,2028446,47963,694.094,-1,-1,1,-1,-1,1,0,,-1,2015-11-03 11:57:20,0.0,0.0,2014
3765,2028446,11209,0.622641,-1,-1,1,-1,-1,1,0,,-1,2015-11-03 12:02:55,0.0,0.0,2014
3766,2028446,11209,0.622641,-1,-1,1,-1,-1,1,0,,-1,2015-11-03 12:02:59,0.0,0.0,2014
3767,2028447,50057,1.43215,-1,-1,1,-1,-1,1,0,,-1,2015-11-03 12:03:28,0.0,0.0,2014
3768,2028447,50057,1.43215,-1,-1,1,-1,-1,1,0,,-1,2015-11-03 12:03:51,0.0,0.0,2014
3772,2028467,23319,1.20853,-1,-1,1,-1,-1,1,0,,-1,2015-11-03 12:15:26,0.0,0.0,2014
3769,2028468,6181,0.893491,-1,-1,1,-1,-1,1,0,,-1,2015-11-03 12:08:48,0.0,0.0,2014
3770,2028470,1171,-33.2955,-1,-1,1,-1,-1,1,0,,-1,2015-11-03 12:11:19,0.0,0.0,2014
3771,2028470,1171,-33.2955,-1,-1,1,-1,-1,1,0,(Lectura Tomada Con Binoculares),-1,2015-11-03 12:12:11,0.0,0.0,2014
3773,2028472,21301,1.00429,-1,-1,1,-1,-1,1,0,,-1,2015-11-03 12:24:44,0.0,0.0,2014
3774,2028473,10160,1.13761,-1,-1,1,-1,-1,1,0,,-1,2015-11-03 12:25:59,0.0,0.0,2014
3778,2028474,13586,1.04676,-1,-1,1,-1,-1,1,0,,-1,2015-11-03 12:29:46,0.0,0.0,2014
3777,2028475,928,1,-1,-1,1,-1,-1,1,0,,-1,2015-11-03 12:28:55,0.0,0.0,2014
3775,2028476,6474,0.0833333,-1,-1,1,-1,-1,1,0,,-1,2015-11-03 12:27:34,0.0,0.0,2014
3776,2028476,6474,0.0833333,-1,-1,1,-1,-1,1,0,,-1,2015-11-03 12:28:20,0.0,0.0,2014
3779,2028477,7777,1.11732,-1,-1,1,-1,-1,1,0,,-1,2015-11-03 12:31:42,0.0,0.0,2014
3780,2028478,16723,2.19355,-1,-1,1,-1,-1,1,0,,-1,2015-11-03 12:33:28,0.0,0.0,2014
3781,2028478,16723,2.19355,-1,-1,1,-1,-1,1,0,,-1,2015-11-03 12:33:47,0.0,0.0,2014
3782,2028479,40129,1.16794,-1,-1,1,-1,-1,1,0,,-1,2015-11-03 12:34:28,0.0,0.0,2014
3783,2028480,29439,0,-1,-1,1,-1,-1,1,0,,-1,2015-11-03 12:35:46,0.0,0.0,2014
3784,2028480,29439,0,-1,-1,1,-1,-1,1,22,(Servicio Suspendido)traslado por usuario,-1,2015-11-03 12:37:50,0.0,0.0,2014
3785,2028481,-1,1,-1,-1,1,-1,-1,1,17,m25.,-1,2015-11-03 12:43:21,0.0,0.0,2014
3787,2028491,47773,1.43553,-1,-1,1,-1,-1,1,0,,-1,2015-11-03 12:56:16,0.0,0.0,2014
3788,2028491,47773,1.43553,-1,-1,1,-1,-1,1,0,,-1,2015-11-03 12:56:46,0.0,0.0,2014
3786,2028492,14187,1.27127,-1,-1,1,-1,-1,1,0,,-1,2015-11-03 12:55:49,0.0,0.0,2014
