18,2059464,156,0.521739,-1,-1,1,-1,-1,1,0,,-1,2015-11-03 07:47:11,0.0,0.0,2011
19,2059464,156,0.521739,-1,-1,1,-1,-1,1,0,,-1,2015-11-03 07:47:38,0.0,0.0,2011
140,2059497,9088,0.892523,-1,-1,1,-1,-1,1,0,,-1,2015-11-03 08:52:10,0.0,0.0,2011
115,2059501,9650,0.936047,-1,-1,1,-1,-1,1,0,,-1,2015-11-03 08:43:37,0.0,0.0,2011
4,2059554,7697,0.933824,-1,-1,1,-1,-1,1,0,,-1,2015-11-03 07:40:16,0.0,0.0,2011
3,2059555,6694,0.844961,-1,-1,1,-1,-1,1,0,,-1,2015-11-03 07:40:02,0.0,0.0,2011
5,2059556,2836,1.02041,-1,-1,1,-1,-1,1,0,,-1,2015-11-03 07:40:30,0.0,0.0,2011
6,2059558,36910,1.03529,-1,-1,1,-1,-1,1,0,(Sellos de Plomo)(Caja No Conforme),-1,2015-11-03 07:41:17,0.0,0.0,2011
7,2059560,15287,1,-1,-1,1,-1,-1,1,0,,-1,2015-11-03 07:41:58,0.0,0.0,2011
8,2059561,18194,1.816,-1,-1,1,-1,-1,1,0,,-1,2015-11-03 07:43:03,0.0,0.0,2011
9,2059561,18197,1.84,-1,-1,1,-1,-1,1,0,,-1,2015-11-03 07:43:39,0.0,0.0,2011
10,2059561,18194,1.816,-1,-1,1,-1,-1,1,0,,-1,2015-11-03 07:43:46,0.0,0.0,2011
11,2059562,26077,1.32178,-1,-1,1,-1,-1,1,0,,-1,2015-11-03 07:44:12,0.0,0.0,2011
12,2059562,26077,1.32178,-1,-1,1,-1,-1,1,0,,-1,2015-11-03 07:45:00,0.0,0.0,2011
13,2059563,72273,618.617,-1,-1,1,-1,-1,1,0,,-1,2015-11-03 07:45:08,0.0,0.0,2011
14,2059563,22273,1.33333,-1,-1,1,-1,-1,1,0,,-1,2015-11-03 07:45:31,0.0,0.0,2011
15,2059563,22273,1.33333,-1,-1,1,-1,-1,1,0,,-1,2015-11-03 07:45:40,0.0,0.0,2011
16,2059564,12772,1.35354,-1,-1,1,-1,-1,1,0,,-1,2015-11-03 07:46:06,0.0,0.0,2011
17,2059564,12772,1.35354,-1,-1,1,-1,-1,1,0,,-1,2015-11-03 07:46:54,0.0,0.0,2011
75,2059590,1995,0,-1,-1,1,-1,-1,1,0,,-1,2015-11-03 08:24:29,0.0,0.0,2011
76,2059590,1995,0,-1,-1,1,-1,-1,1,0,,-1,2015-11-03 08:24:55,0.0,0.0,2011
20,2059606,12045,0.847059,-1,-1,1,-1,-1,1,0,,-1,2015-11-03 07:57:49,0.0,0.0,2011
21,2059607,3097,1.67857,-1,-1,1,-1,-1,1,0,,-1,2015-11-03 07:58:08,0.0,0.0,2011
22,2059607,3097,1.67857,-1,-1,1,-1,-1,1,0,,-1,2015-11-03 07:58:25,0.0,0.0,2011
23,2059608,5263,1.48437,-1,-1,1,-1,-1,1,0,,-1,2015-11-03 07:58:49,0.0,0.0,2011
24,2059608,5263,1.48437,-1,-1,1,-1,-1,1,0,,-1,2015-11-03 08:00:34,0.0,0.0,2011
25,2059609,4655,1.04425,-1,-1,1,-1,-1,1,0,,-1,2015-11-03 08:00:39,0.0,0.0,2011
26,2059610,1788,1,-1,-1,1,-1,-1,1,0,,-1,2015-11-03 08:00:45,0.0,0.0,2011
27,2059611,3442,1.36364,-1,-1,1,-1,-1,1,0,,-1,2015-11-03 08:00:49,0.0,0.0,2011
28,2059611,3442,1.36364,-1,-1,1,-1,-1,1,0,,-1,2015-11-03 08:01:06,0.0,0.0,2011
34,2059612,1349,1.12169,-1,-1,1,-1,-1,1,0,,-1,2015-11-03 08:04:25,0.0,0.0,2011
29,2059613,15918,0.948718,-1,-1,1,-1,-1,1,0,,-1,2015-11-03 08:02:27,0.0,0.0,2011
30,2059614,7423,1000000,-1,-1,1,-1,-1,1,0,,-1,2015-11-03 08:02:32,0.0,0.0,2011
31,2059614,7423,1000000,-1,-1,1,-1,-1,1,0,,-1,2015-11-03 08:02:43,0.0,0.0,2011
32,2059616,17612,0.173077,-1,-1,1,-1,-1,1,0,,-1,2015-11-03 08:03:18,0.0,0.0,2011
33,2059616,17612,0.173077,-1,-1,1,-1,-1,1,0,,-1,2015-11-03 08:04:06,0.0,0.0,2011
35,2059617,25787,1.16949,-1,-1,1,-1,-1,1,0,,-1,2015-11-03 08:04:55,0.0,0.0,2011
36,2059618,24903,2.24113,-1,-1,1,-1,-1,1,0,(Caja No Conforme)(Sellos Termoplasticos),-1,2015-11-03 08:05:26,0.0,0.0,2011
37,2059618,24903,2.24113,-1,-1,1,-1,-1,1,0,(Caja No Conforme)(Sellos Termoplasticos),-1,2015-11-03 08:06:04,0.0,0.0,2011
38,2059619,11968,1.2069,-1,-1,1,-1,-1,1,0,,-1,2015-11-03 08:06:36,0.0,0.0,2011
44,2059620,7780,1.07937,-1,-1,1,-1,-1,1,0,,-1,2015-11-03 08:09:51,0.0,0.0,2011
39,2059621,12012,0.321739,-1,-1,1,-1,-1,1,0,,-1,2015-11-03 08:06:56,0.0,0.0,2011
40,2059621,12012,0.321739,-1,-1,1,-1,-1,1,0,,-1,2015-11-03 08:07:26,0.0,0.0,2011
41,2059624,36524,1.02857,-1,-1,1,-1,-1,1,0,,2,2015-11-03 08:08:02,0.0,0.0,2011
42,2059625,6993,0.880952,-1,-1,1,-1,-1,1,0,,-1,2015-11-03 08:08:44,0.0,0.0,2011
43,2059626,19764,0.902685,-1,-1,1,-1,-1,1,0,,19,2015-11-03 08:09:20,0.0,0.0,2011
45,2059627,67447,0.951613,-1,-1,1,-1,-1,1,0,,-1,2015-11-03 08:10:13,0.0,0.0,2011
46,2059628,1710,0,-1,-1,1,-1,-1,1,0,,-1,2015-11-03 08:10:42,0.0,0.0,2011
47,2059628,1710,0,-1,-1,1,-1,-1,1,0,(Deshabitado Con Muebles),-1,2015-11-03 08:12:14,0.0,0.0,2011
48,2059629,3672,1.1875,-1,-1,1,-1,-1,1,0,,-1,2015-11-03 08:13:16,0.0,0.0,2011
49,2059630,4339,1.13433,-1,-1,1,-1,-1,1,0,,-1,2015-11-03 08:13:22,0.0,0.0,2011
50,2059631,6991,1.23457,-1,-1,1,-1,-1,1,0,,-1,2015-11-03 08:13:28,0.0,0.0,2011
51,2059632,5603,0.951613,-1,-1,1,-1,-1,1,0,,-1,2015-11-03 08:13:32,0.0,0.0,2011
52,2059633,697,1.75,-1,-1,1,-1,-1,1,0,,-1,2015-11-03 08:13:37,0.0,0.0,2011
53,2059633,697,1.75,-1,-1,1,-1,-1,1,0,,-1,2015-11-03 08:13:48,0.0,0.0,2011
54,2059634,4631,0.60274,-1,-1,1,-1,-1,1,0,,-1,2015-11-03 08:13:54,0.0,0.0,2011
55,2059634,4631,0.60274,-1,-1,1,-1,-1,1,0,,-1,2015-11-03 08:14:26,0.0,0.0,2011
59,2059635,20945,0.90113,-1,-1,1,-1,-1,1,0,,-1,2015-11-03 08:15:39,0.0,0.0,2011
56,2059636,6296,1.86275,-1,-1,1,-1,-1,1,0,,-1,2015-11-03 08:14:42,0.0,0.0,2011
57,2059636,6296,1.86275,-1,-1,1,-1,-1,1,0,,-1,2015-11-03 08:14:53,0.0,0.0,2011
58,2059637,5625,1,-1,-1,1,-1,-1,1,0,,-1,2015-11-03 08:14:59,0.0,0.0,2011
60,2059638,8495,1.58333,-1,-1,1,-1,-1,1,0,,-1,2015-11-03 08:16:02,0.0,0.0,2011
61,2059638,8425,1.13462,-1,-1,1,-1,-1,1,0,,-1,2015-11-03 08:16:31,0.0,0.0,2011
62,2059639,8855,0.893443,-1,-1,1,-1,-1,1,0,,-1,2015-11-03 08:17:04,0.0,0.0,2011
63,2059640,25609,1.09205,-1,-1,1,-1,-1,1,0,,-1,2015-11-03 08:17:34,0.0,0.0,2011
64,2059642,5167,0,-1,-1,1,-1,-1,1,0,,-1,2015-11-03 08:18:42,0.0,0.0,2011
65,2059642,5167,0,-1,-1,1,-1,-1,1,0,(Deshabitado Con Muebles)(Caja No Conforme),-1,2015-11-03 08:20:32,0.0,0.0,2011
66,2059643,24357,1.04854,-1,-1,1,-1,-1,1,0,,-1,2015-11-03 08:20:50,0.0,0.0,2011
70,2059644,26747,0.884892,-1,-1,1,-1,-1,1,0,,-1,2015-11-03 08:22:15,0.0,0.0,2011
67,2059645,5835,-12.0375,-1,-1,1,-1,-1,1,0,,-1,2015-11-03 08:21:24,0.0,0.0,2011
68,2059645,6835,0.4625,-1,-1,1,-1,-1,1,0,,-1,2015-11-03 08:21:46,0.0,0.0,2011
69,2059645,6835,0.4625,-1,-1,1,-1,-1,1,0,,-1,2015-11-03 08:21:55,0.0,0.0,2011
71,2059646,2413,1.2,-1,-1,1,-1,-1,1,0,,-1,2015-11-03 08:22:19,0.0,0.0,2011
73,2059647,22676,1.03333,-1,-1,1,-1,-1,1,0,,-1,2015-11-03 08:23:06,0.0,0.0,2011
72,2059648,8292,1.0473,-1,-1,1,-1,-1,1,0,,-1,2015-11-03 08:22:51,0.0,0.0,2011
74,2059650,17795,1.1487,-1,-1,1,-1,-1,1,0,(Caja No Conforme),-1,2015-11-03 08:23:42,0.0,0.0,2011
77,2059651,10396,1.16364,-1,-1,1,-1,-1,1,0,,-1,2015-11-03 08:25:58,0.0,0.0,2011
78,2059652,1371,0.732394,-1,-1,1,-1,-1,1,0,,-1,2015-11-03 08:26:33,0.0,0.0,2011
79,2059653,756,4.025,-1,-1,1,-1,-1,1,0,,-1,2015-11-03 08:26:36,0.0,0.0,2011
80,2059653,756,4.025,-1,-1,1,-1,-1,1,0,,-1,2015-11-03 08:26:50,0.0,0.0,2011
81,2059654,1027,1.29245,-1,-1,1,-1,-1,1,0,,-1,2015-11-03 08:26:55,0.0,0.0,2011
82,2059655,3581,0.982759,-1,-1,1,-1,-1,1,0,,-1,2015-11-03 08:27:00,0.0,0.0,2011
83,2059656,1303,1.33846,-1,-1,1,-1,-1,1,0,,-1,2015-11-03 08:27:05,0.0,0.0,2011
84,2059656,1303,1.33846,-1,-1,1,-1,-1,1,0,,-1,2015-11-03 08:27:43,0.0,0.0,2011
85,2059657,596,0.53125,-1,-1,1,-1,-1,1,0,,-1,2015-11-03 08:28:29,0.0,0.0,2011
86,2059657,596,0.53125,-1,-1,1,-1,-1,1,0,,-1,2015-11-03 08:28:48,0.0,0.0,2011
87,2059658,944,0.463415,-1,-1,1,-1,-1,1,0,,-1,2015-11-03 08:28:53,0.0,0.0,2011
88,2059658,944,0.463415,-1,-1,1,-1,-1,1,0,,-1,2015-11-03 08:29:37,0.0,0.0,2011
89,2059659,246,0.761905,-1,-1,1,-1,-1,1,0,,-1,2015-11-03 08:29:44,0.0,0.0,2011
90,2059660,5744,0.891473,-1,-1,1,-1,-1,1,0,,-1,2015-11-03 08:30:06,0.0,0.0,2011
91,2059661,5433,0.72973,-1,-1,1,-1,-1,1,0,,-1,2015-11-03 08:30:21,0.0,0.0,2011
92,2059662,3958,1.65278,-1,-1,1,-1,-1,1,0,,-1,2015-11-03 08:30:27,0.0,0.0,2011
93,2059662,3958,1.65278,-1,-1,1,-1,-1,1,0,,-1,2015-11-03 08:30:46,0.0,0.0,2011
94,2059663,4583,1.27586,-1,-1,1,-1,-1,1,0,,-1,2015-11-03 08:30:55,0.0,0.0,2011
95,2059664,3135,1.83019,-1,-1,1,-1,-1,1,0,,-1,2015-11-03 08:31:01,0.0,0.0,2011
96,2059664,3135,1.83019,-1,-1,1,-1,-1,1,0,,-1,2015-11-03 08:33:05,0.0,0.0,2011
102,2059665,18470,0.386667,-1,-1,1,-1,-1,1,0,,-1,2015-11-03 08:37:29,0.0,0.0,2011
103,2059665,18470,0.386667,-1,-1,1,-1,-1,1,0,,-1,2015-11-03 08:38:08,0.0,0.0,2011
97,2059666,2909,1.12245,-1,-1,1,-1,-1,1,0,,-1,2015-11-03 08:33:29,0.0,0.0,2011
98,2059667,4788,0.829268,-1,-1,1,-1,-1,1,0,,-1,2015-11-03 08:35:10,0.0,0.0,2011
99,2059668,7048,0.954839,-1,-1,1,-1,-1,1,0,,-1,2015-11-03 08:35:18,0.0,0.0,2011
100,2059669,1265,1.14286,-1,-1,1,-1,-1,1,0,,-1,2015-11-03 08:35:39,0.0,0.0,2011
104,2059670,14844,0.869565,-1,-1,1,-1,-1,1,0,,-1,2015-11-03 08:38:31,0.0,0.0,2011
143,2059671,3340,1.01887,-1,-1,1,-1,-1,1,0,,-1,2015-11-03 08:53:43,0.0,0.0,2011
101,2059672,2987,0.776119,-1,-1,1,-1,-1,1,0,,-1,2015-11-03 08:36:32,0.0,0.0,2011
105,2059673,7587,1.4,-1,-1,1,-1,-1,1,0,,-1,2015-11-03 08:39:05,0.0,0.0,2011
106,2059673,7587,1.4,-1,-1,1,-1,-1,1,0,,-1,2015-11-03 08:39:18,0.0,0.0,2011
107,2059674,14646,0,-1,-1,1,-1,-1,1,0,,-1,2015-11-03 08:39:24,0.0,0.0,2011
108,2059674,14646,0,-1,-1,1,-1,-1,1,0,,-1,2015-11-03 08:40:00,0.0,0.0,2011
109,2059675,16139,0.897059,-1,-1,1,-1,-1,1,0,,-1,2015-11-03 08:40:10,0.0,0.0,2011
110,2059676,16979,1.00741,-1,-1,1,-1,-1,1,0,,1,2015-11-03 08:41:37,0.0,0.0,2011
152,2059677,1575,0.691176,-1,-1,1,-1,-1,1,0,,-1,2015-11-03 08:58:20,0.0,0.0,2011
153,2059677,1575,0.691176,-1,-1,1,-1,-1,1,0,,-1,2015-11-03 08:58:32,0.0,0.0,2011
111,2059678,44188,-9.93426,-1,-1,1,-1,-1,1,0,,1,2015-11-03 08:41:50,0.0,0.0,2011
112,2059678,47188,0.446367,-1,-1,1,-1,-1,1,0,(Tapa Opaca o Pintada),1,2015-11-03 08:42:28,0.0,0.0,2011
113,2059678,47188,0.446367,-1,-1,1,-1,-1,1,0,(Tapa Opaca o Pintada),1,2015-11-03 08:42:36,0.0,0.0,2011
154,2059679,2147,1.53509,-1,-1,1,-1,-1,1,0,,-1,2015-11-03 08:58:39,0.0,0.0,2011
155,2059679,2147,1.53509,-1,-1,1,-1,-1,1,0,,-1,2015-11-03 08:59:43,0.0,0.0,2011
156,2059680,3411,1.05181,-1,-1,1,-1,-1,1,0,,-1,2015-11-03 08:59:48,0.0,0.0,2011
134,2059681,1025,0.465116,-1,-1,1,-1,-1,1,0,,-1,2015-11-03 08:50:44,0.0,0.0,2011
135,2059681,1025,0.465116,-1,-1,1,-1,-1,1,0,,-1,2015-11-03 08:51:14,0.0,0.0,2011
114,2059682,26503,0.889524,-1,-1,1,-1,-1,1,0,,-1,2015-11-03 08:43:06,0.0,0.0,2011
136,2059683,1447,1.05747,-1,-1,1,-1,-1,1,0,,-1,2015-11-03 08:51:21,0.0,0.0,2011
117,2059684,8312,1,-1,-1,1,-1,-1,1,0,,-1,2015-11-03 08:44:38,0.0,0.0,2011
137,2059685,772,0,-1,-1,1,-1,-1,1,0,,-1,2015-11-03 08:51:25,0.0,0.0,2011
138,2059685,772,0,-1,-1,1,-1,-1,1,0,gabinete,-1,2015-11-03 08:51:42,0.0,0.0,2011
133,2059686,20060,1.13889,-1,-1,1,-1,-1,1,0,,-1,2015-11-03 08:50:09,0.0,0.0,2011
118,2059687,18002,0.984043,-1,-1,1,-1,-1,1,0,,-1,2015-11-03 08:44:55,0.0,0.0,2011
119,2059688,17260,5.53125,-1,-1,1,-1,-1,1,0,,-1,2015-11-03 08:45:36,0.0,0.0,2011
120,2059688,17260,5.53125,-1,-1,1,-1,-1,1,0,,-1,2015-11-03 08:46:10,0.0,0.0,2011
121,2059689,13223,1.09091,-1,-1,1,-1,-1,1,0,,-1,2015-11-03 08:46:16,0.0,0.0,2011
131,2059690,1917,0.2,-1,-1,1,-1,-1,1,0,,-1,2015-11-03 08:48:43,0.0,0.0,2011
132,2059690,1917,0.2,-1,-1,1,-1,-1,1,0,,-1,2015-11-03 08:48:56,0.0,0.0,2011
129,2059691,2946,0.0645161,-1,-1,1,-1,-1,1,0,,-1,2015-11-03 08:48:16,0.0,0.0,2011
130,2059691,2946,0.0645161,-1,-1,1,-1,-1,1,0,,-1,2015-11-03 08:48:36,0.0,0.0,2011
128,2059692,3143,1.04545,-1,-1,1,-1,-1,1,0,,-1,2015-11-03 08:48:10,0.0,0.0,2011
127,2059693,3375,0.981132,-1,-1,1,-1,-1,1,0,,-1,2015-11-03 08:48:05,0.0,0.0,2011
125,2059694,2174,10.1818,-1,-1,1,-1,-1,1,0,,-1,2015-11-03 08:47:42,0.0,0.0,2011
126,2059694,2174,10.1818,-1,-1,1,-1,-1,1,0,,-1,2015-11-03 08:47:54,0.0,0.0,2011
123,2059695,1775,2.18519,-1,-1,1,-1,-1,1,0,,-1,2015-11-03 08:47:08,0.0,0.0,2011
124,2059695,1775,2.18519,-1,-1,1,-1,-1,1,0,,-1,2015-11-03 08:47:21,0.0,0.0,2011
116,2059696,3920,1.15556,-1,-1,1,-1,-1,1,0,,-1,2015-11-03 08:44:13,0.0,0.0,2011
122,2059697,1132,1.24074,-1,-1,1,-1,-1,1,0,,-1,2015-11-03 08:46:35,0.0,0.0,2011
139,2059698,8311,1.11111,-1,-1,1,-1,-1,1,0,,-1,2015-11-03 08:51:46,0.0,0.0,2011
141,2059699,7510,1.33962,-1,-1,1,-1,-1,1,0,,-1,2015-11-03 08:52:57,0.0,0.0,2011
142,2059699,7510,1.33962,-1,-1,1,-1,-1,1,0,,-1,2015-11-03 08:53:10,0.0,0.0,2011
144,2059700,6927,0.192105,-1,-1,1,-1,-1,1,0,,-1,2015-11-03 08:54:05,0.0,0.0,2011
145,2059700,6927,0.192105,-1,-1,1,-1,-1,1,0,,-1,2015-11-03 08:54:53,0.0,0.0,2011
146,2059701,23109,0.92485,-1,-1,1,-1,-1,1,0,,-1,2015-11-03 08:55:04,0.0,0.0,2011
147,2059702,49309,1.03957,-1,-1,1,-1,-1,1,0,,-1,2015-11-03 08:55:28,0.0,0.0,2011
148,2059703,1979,1,-1,-1,1,-1,-1,1,0,,-1,2015-11-03 08:56:29,0.0,0.0,2011
149,2059704,16047,1.02957,-1,-1,1,-1,-1,1,0,,-1,2015-11-03 08:57:03,0.0,0.0,2011
150,2059705,1137,0.612245,-1,-1,1,-1,-1,1,0,,-1,2015-11-03 08:57:36,0.0,0.0,2011
151,2059705,1137,0.612245,-1,-1,1,-1,-1,1,0,,-1,2015-11-03 08:57:48,0.0,0.0,2011
163,2059706,28482,0.992958,-1,-1,1,-1,-1,1,0,(Sellos Termoplasticos)(Caja No Conforme),-1,2015-11-03 09:03:44,0.0,0.0,2011
157,2059707,13923,0.809249,-1,-1,1,-1,-1,1,0,,-1,2015-11-03 09:00:35,0.0,0.0,2011
164,2059708,8280,0.325758,-1,-1,1,-1,-1,1,0,,-1,2015-11-03 09:07:56,0.0,0.0,2011
165,2059708,8280,0.325758,-1,-1,1,-1,-1,1,0,,-1,2015-11-03 09:08:11,0.0,0.0,2011
166,2059709,1117,0.674419,-1,-1,1,-1,-1,1,0,,-1,2015-11-03 09:08:57,0.0,0.0,2011
167,2059709,1117,0.674419,-1,-1,1,-1,-1,1,0,,-1,2015-11-03 09:09:21,0.0,0.0,2011
170,2059711,9770,0.923077,-1,-1,1,-1,-1,1,0,,-1,2015-11-03 09:11:12,0.0,0.0,2011
168,2059712,84,2.66667,-1,-1,1,-1,-1,1,0,,-1,2015-11-03 09:09:37,0.0,0.0,2011
169,2059712,84,2.66667,-1,-1,1,-1,-1,1,0,,-1,2015-11-03 09:10:03,0.0,0.0,2011
162,2059713,3745,0.959732,-1,-1,1,-1,-1,1,0,,-1,2015-11-03 09:02:34,0.0,0.0,2011
171,2059714,30316,0.964126,-1,-1,1,-1,-1,1,0,,-1,2015-11-03 09:11:33,0.0,0.0,2011
173,2059715,18770,0.996317,-1,-1,1,-1,-1,1,0,,2,2015-11-03 09:17:03,0.0,0.0,2011
172,2059716,25897,0.983015,-1,-1,1,-1,-1,1,0,,-1,2015-11-03 09:16:01,0.0,0.0,2011
174,2059717,12161,0.0759494,-1,-1,1,-1,-1,1,0,,-1,2015-11-03 09:17:24,0.0,0.0,2011
175,2059717,12161,0.0759494,-1,-1,1,-1,-1,1,0,,-1,2015-11-03 09:17:40,0.0,0.0,2011
176,2059718,8836,0.923077,-1,-1,1,-1,-1,1,0,,-1,2015-11-03 09:17:44,0.0,0.0,2011
160,2059719,2882,1.39649,-1,-1,1,-1,-1,1,0,,-1,2015-11-03 09:01:56,0.0,0.0,2011
161,2059719,2882,1.39649,-1,-1,1,-1,-1,1,0,,-1,2015-11-03 09:02:14,0.0,0.0,2011
158,2059720,2465,1.18681,-1,-1,1,-1,-1,1,0,,-1,2015-11-03 09:01:22,0.0,0.0,2011
159,2059721,2093,1.03158,-1,-1,1,-1,-1,1,0,,-1,2015-11-03 09:01:29,0.0,0.0,2011
177,2059722,29432,1.02448,-1,-1,1,-1,-1,1,0,,-1,2015-11-03 09:17:49,0.0,0.0,2011
178,2059723,12005,1.05263,-1,-1,1,-1,-1,1,0,,-1,2015-11-03 09:18:24,0.0,0.0,2011
179,2059724,14040,1.05759,-1,-1,1,-1,-1,1,0,,-1,2015-11-03 09:18:54,0.0,0.0,2011
180,2059725,2082,1.03704,-1,-1,1,-1,-1,1,0,,-1,2015-11-03 09:18:59,0.0,0.0,2011
181,2059726,5738,1.2963,-1,-1,1,-1,-1,1,0,,-1,2015-11-03 09:19:02,0.0,0.0,2011
182,2059727,12844,1.02105,-1,-1,1,-1,-1,1,0,,-1,2015-11-03 09:19:06,0.0,0.0,2011
189,2059728,1477,1.96875,-1,-1,1,-1,-1,1,0,,-1,2015-11-03 09:22:06,0.0,0.0,2011
190,2059728,1477,1.96875,-1,-1,1,-1,-1,1,0,(Tapa Opaca o Pintada),-1,2015-11-03 09:22:56,0.0,0.0,2011
187,2059729,2013,0.216216,-1,-1,1,-1,-1,1,0,,-1,2015-11-03 09:21:18,0.0,0.0,2011
188,2059729,2013,0.216216,-1,-1,1,-1,-1,1,0,,-1,2015-11-03 09:21:55,0.0,0.0,2011
183,2059730,8458,1.30588,-1,-1,1,-1,-1,1,0,,-1,2015-11-03 09:20:02,0.0,0.0,2011
184,2059730,8458,1.30588,-1,-1,1,-1,-1,1,0,,-1,2015-11-03 09:20:15,0.0,0.0,2011
185,2059731,4994,0.898551,-1,-1,1,-1,-1,1,0,,-1,2015-11-03 09:20:20,0.0,0.0,2011
186,2059732,11238,0.795181,-1,-1,1,-1,-1,1,0,,-1,2015-11-03 09:20:24,0.0,0.0,2011
191,2059733,13049,1.06306,-1,-1,1,-1,-1,1,0,,-1,2015-11-03 09:23:06,0.0,0.0,2011
192,2059734,3987,1.28685,-1,-1,1,-1,-1,1,0,,-1,2015-11-03 09:23:33,0.0,0.0,2011
193,2059735,18098,0.349727,-1,-1,1,-1,-1,1,0,,-1,2015-11-03 09:23:38,0.0,0.0,2011
194,2059735,18098,0.349727,-1,-1,1,-1,-1,1,0,,-1,2015-11-03 09:24:00,0.0,0.0,2011
199,2059737,18174,1.09792,-1,-1,1,-1,-1,1,0,,-1,2015-11-03 09:26:31,0.0,0.0,2011
195,2059738,56006,1.06763,-1,-1,1,-1,-1,1,0,,-1,2015-11-03 09:25:48,0.0,0.0,2011
196,2059739,18017,0.278351,-1,-1,1,-1,-1,1,0,,-1,2015-11-03 09:25:53,0.0,0.0,2011
197,2059739,18017,0.278351,-1,-1,1,-1,-1,1,0,(Tapa Opaca o Pintada),-1,2015-11-03 09:26:12,0.0,0.0,2011
198,2059740,14807,0.974705,-1,-1,1,-1,-1,1,0,,-1,2015-11-03 09:26:23,0.0,0.0,2011
200,2059741,32508,1.05195,-1,-1,1,-1,-1,1,0,,-1,2015-11-03 09:27:04,0.0,0.0,2011
201,2059742,13240,0.990196,-1,-1,1,-1,-1,1,0,(Caja No Conforme),-1,2015-11-03 09:27:30,0.0,0.0,2011
202,2059743,9872,0.877193,-1,-1,1,-1,-1,1,0,,19,2015-11-03 09:28:04,0.0,0.0,2011
203,2059744,18176,0.403141,-1,-1,1,-1,-1,1,0,,19,2015-11-03 09:28:20,0.0,0.0,2011
204,2059744,18176,0.403141,-1,-1,1,-1,-1,1,0,,19,2015-11-03 09:29:24,0.0,0.0,2011
228,2059881,10193,1.09917,-1,-1,1,-1,-1,1,0,,-1,2015-11-03 10:12:28,0.0,0.0,2011
222,2059886,-1,1,2059887,-1,1,-1,-1,1,15,display apagado,-1,2015-11-03 10:09:19,0.0,0.0,2011
227,2059888,3383,1.1236,-1,-1,1,-1,-1,1,0,,-1,2015-11-03 10:10:58,0.0,0.0,2011
226,2059889,1340,1.28571,-1,-1,1,-1,-1,1,0,,-1,2015-11-03 10:10:52,0.0,0.0,2011
224,2059890,2239,1.3822,-1,-1,1,-1,-1,1,0,,-1,2015-11-03 10:10:07,0.0,0.0,2011
225,2059890,2239,1.3822,-1,-1,1,-1,-1,1,0,,-1,2015-11-03 10:10:22,0.0,0.0,2011
223,2059891,7199,1.15347,-1,-1,1,-1,-1,1,0,,-1,2015-11-03 10:09:44,0.0,0.0,2011
219,2059892,4708,0.015625,-1,-1,1,-1,-1,1,0,,-1,2015-11-03 10:08:06,0.0,0.0,2011
220,2059892,4408,-4.67187,-1,-1,1,-1,-1,1,0,,-1,2015-11-03 10:08:19,0.0,0.0,2011
221,2059892,4708,0.015625,-1,-1,1,-1,-1,1,0,,-1,2015-11-03 10:08:25,0.0,0.0,2011
217,2059894,4820,0,-1,-1,1,-1,-1,1,0,,-1,2015-11-03 10:06:55,0.0,0.0,2011
218,2059894,4820,0,-1,-1,1,-1,-1,1,0,(Deshabitado Con Muebles),-1,2015-11-03 10:07:29,0.0,0.0,2011
215,2059895,19133,1.13889,-1,-1,1,-1,-1,1,0,,-1,2015-11-03 09:43:14,0.0,0.0,2011
213,2059896,16834,0.0625,-1,-1,1,-1,-1,1,0,,-1,2015-11-03 09:41:55,0.0,0.0,2011
214,2059896,16834,0.0625,-1,-1,1,-1,-1,1,0,,-1,2015-11-03 09:42:09,0.0,0.0,2011
210,2059897,1590,0.516667,-1,-1,1,-1,-1,1,0,,-1,2015-11-03 09:39:47,0.0,0.0,2011
211,2059897,1598,0.583333,-1,-1,1,-1,-1,1,0,,-1,2015-11-03 09:40:10,0.0,0.0,2011
212,2059897,1598,0.583333,-1,-1,1,-1,-1,1,0,,-1,2015-11-03 09:40:14,0.0,0.0,2011
209,2059898,22285,0.977528,-1,-1,1,-1,-1,1,0,,-1,2015-11-03 09:39:25,0.0,0.0,2011
207,2059899,33666,1.73418,-1,-1,1,-1,-1,1,0,(Sellos Termoplasticos),-1,2015-11-03 09:38:40,0.0,0.0,2011
208,2059899,33666,1.73418,-1,-1,1,-1,-1,1,0,(Sellos Termoplasticos),-1,2015-11-03 09:38:56,0.0,0.0,2011
206,2059900,10695,1.10323,-1,-1,1,-1,-1,1,0,,-1,2015-11-03 09:38:14,0.0,0.0,2011
205,2059901,15249,1.05263,-1,-1,1,-1,-1,1,0,,-1,2015-11-03 09:37:21,0.0,0.0,2011
216,2060998,121,0.870968,-1,-1,1,-1,-1,1,0,,-1,2015-11-03 09:58:04,0.0,0.0,2011
