1195,2040908,10085,1.15116,-1,-1,1,-1,-1,1,0,,-1,2015-11-02 17:00:49,0.0,0.0,2098
1173,2040909,8585,0.788235,-1,-1,1,-1,-1,1,0,,-1,2015-11-02 16:51:39,0.0,0.0,2098
1181,2040910,20338,0.479339,-1,-1,1,-1,-1,1,0,,-1,2015-11-02 16:54:41,0.0,0.0,2098
1182,2040910,20338,0.479339,-1,-1,1,-1,-1,1,0,,-1,2015-11-02 16:55:15,0.0,0.0,2098
1179,2040911,11624,0.373333,-1,-1,1,-1,-1,1,0,,-1,2015-11-02 16:54:05,0.0,0.0,2098
1180,2040911,11624,0.373333,-1,-1,1,-1,-1,1,0,,-1,2015-11-02 16:54:32,0.0,0.0,2098
1171,2040912,9915,1.5,-1,-1,1,-1,-1,1,0,,-1,2015-11-02 16:51:01,0.0,0.0,2098
1172,2040912,9915,1.5,-1,-1,1,-1,-1,1,0,,-1,2015-11-02 16:51:20,0.0,0.0,2098
1170,2040913,24398,1.26829,-1,-1,1,-1,-1,1,0,,-1,2015-11-02 16:50:53,0.0,0.0,2098
1168,2040914,9534,0,-1,-1,1,-1,-1,1,0,,-1,2015-11-02 16:50:27,0.0,0.0,2098
1169,2040914,9534,0,-1,-1,1,-1,-1,1,0,,-1,2015-11-02 16:50:41,0.0,0.0,2098
1178,2040915,14686,1.06383,-1,-1,1,-1,-1,1,0,,-1,2015-11-02 16:53:56,0.0,0.0,2098
1177,2040916,11109,1.01685,-1,-1,1,-1,-1,1,0,,-1,2015-11-02 16:53:46,0.0,0.0,2098
1176,2040917,8310,1.01235,-1,-1,1,-1,-1,1,0,,-1,2015-11-02 16:53:33,0.0,0.0,2098
1166,2040918,13160,0,-1,-1,1,-1,-1,1,0,,-1,2015-11-02 16:49:55,0.0,0.0,2098
1167,2040918,13160,0,-1,-1,1,-1,-1,1,0,,-1,2015-11-02 16:50:08,0.0,0.0,2098
1165,2040919,12573,1.12264,-1,-1,1,-1,-1,1,0,,-1,2015-11-02 16:49:41,0.0,0.0,2098
1164,2040920,9234,1,-1,-1,1,-1,-1,1,0,,-1,2015-11-02 16:49:18,0.0,0.0,2098
1185,2040921,15669,1.13333,-1,-1,1,-1,-1,1,0,,-1,2015-11-02 16:55:58,0.0,0.0,2098
1183,2040922,7688,2.08197,-1,-1,1,-1,-1,1,0,,-1,2015-11-02 16:55:28,0.0,0.0,2098
1184,2040922,7688,2.08197,-1,-1,1,-1,-1,1,0,,-1,2015-11-02 16:55:45,0.0,0.0,2098
1175,2040923,12856,1.01852,-1,-1,1,-1,-1,1,0,,-1,2015-11-02 16:52:53,0.0,0.0,2098
1174,2040924,9085,0.904348,-1,-1,1,-1,-1,1,0,,-1,2015-11-02 16:52:43,0.0,0.0,2098
1149,2040925,7986,0.741935,-1,-1,1,-1,-1,1,0,,-1,2015-11-02 16:39:36,0.0,0.0,2098
1158,2040926,13825,1.2,-1,-1,1,-1,-1,1,0,,-1,2015-11-02 16:43:22,0.0,0.0,2098
1156,2040927,16033,334.4,-1,-1,1,-1,-1,1,0,,-1,2015-11-02 16:42:43,0.0,0.0,2098
1157,2040927,16033,334.4,-1,-1,1,-1,-1,1,0,,-1,2015-11-02 16:43:07,0.0,0.0,2098
1148,2040928,18149,1.08673,-1,-1,1,-1,-1,1,0,,-1,2015-11-02 16:39:12,0.0,0.0,2098
1147,2040929,10655,0.86087,-1,-1,1,-1,-1,1,0,,-1,2015-11-02 16:39:04,0.0,0.0,2098
1146,2040930,8553,1.26667,-1,-1,1,-1,-1,1,0,,-1,2015-11-02 16:38:55,0.0,0.0,2098
1162,2040931,13440,0.331325,-1,-1,1,-1,-1,1,0,,-1,2015-11-02 16:45:06,0.0,0.0,2098
1163,2040931,13440,0.331325,-1,-1,1,-1,-1,1,0,,-1,2015-11-02 16:45:24,0.0,0.0,2098
1161,2040932,10962,0.829787,-1,-1,1,-1,-1,1,0,,-1,2015-11-02 16:44:50,0.0,0.0,2098
1160,2040933,9501,1.08491,-1,-1,1,-1,-1,1,0,,-1,2015-11-02 16:44:31,0.0,0.0,2098
1144,2040934,10038,2.06494,-1,-1,1,-1,-1,1,0,,-1,2015-11-02 16:38:30,0.0,0.0,2098
1145,2040934,10038,2.06494,-1,-1,1,-1,-1,1,0,,-1,2015-11-02 16:38:43,0.0,0.0,2098
1143,2040935,10526,0.980769,-1,-1,1,-1,-1,1,0,,-1,2015-11-02 16:38:19,0.0,0.0,2098
1141,2040936,10355,0.616162,-1,-1,1,-1,-1,1,0,,-1,2015-11-02 16:37:40,0.0,0.0,2098
1142,2040936,10355,0.616162,-1,-1,1,-1,-1,1,0,,-1,2015-11-02 16:38:03,0.0,0.0,2098
1154,2040937,12290,0.659574,-1,-1,1,-1,-1,1,0,,-1,2015-11-02 16:41:44,0.0,0.0,2098
1155,2040937,12290,0.659574,-1,-1,1,-1,-1,1,0,,-1,2015-11-02 16:42:14,0.0,0.0,2098
1153,2040938,28351,0.833333,-1,-1,1,-1,-1,1,0,,-1,2015-11-02 16:41:29,0.0,0.0,2098
1152,2040939,7373,1,-1,-1,1,-1,-1,1,0,,-1,2015-11-02 16:41:01,0.0,0.0,2098
1150,2040940,6845,0.466667,-1,-1,1,-1,-1,1,0,,-1,2015-11-02 16:40:22,0.0,0.0,2098
1151,2040940,6845,0.466667,-1,-1,1,-1,-1,1,0,,-1,2015-11-02 16:40:43,0.0,0.0,2098
1214,2040941,6158,1.33333,-1,-1,1,-1,-1,1,0,,-1,2015-11-02 17:10:11,0.0,0.0,2098
1215,2040941,6158,1.33333,-1,-1,1,-1,-1,1,0,,-1,2015-11-02 17:10:32,0.0,0.0,2098
1204,2040942,34104,1.01786,-1,-1,1,-1,-1,1,0,,-1,2015-11-02 17:08:12,0.0,0.0,2098
1212,2040943,3233,0,-1,-1,1,-1,-1,1,0,,-1,2015-11-02 17:09:43,0.0,0.0,2098
1213,2040943,3233,0,-1,-1,1,-1,-1,1,0,,-1,2015-11-02 17:10:00,0.0,0.0,2098
1208,2040944,1827,0.833333,-1,-1,1,-1,-1,1,0,,-1,2015-11-02 17:09:10,0.0,0.0,2098
1209,2040946,43359,0.823529,-1,-1,1,-1,-1,1,0,,-1,2015-11-02 17:09:21,0.0,0.0,2098
1205,2040947,18275,1.35878,-1,-1,1,-1,-1,1,0,,-1,2015-11-02 17:08:28,0.0,0.0,2098
1206,2040947,18275,1.35878,-1,-1,1,-1,-1,1,0,,-1,2015-11-02 17:08:39,0.0,0.0,2098
1210,2040948,19711,1.13043,-1,-1,1,-1,-1,1,0,,-1,2015-11-02 17:09:26,0.0,0.0,2098
1207,2040949,10722,1.0283,-1,-1,1,-1,-1,1,0,,-1,2015-11-02 17:08:51,0.0,0.0,2098
1211,2040950,12635,1.00685,-1,-1,1,-1,-1,1,0,,-1,2015-11-02 17:09:33,0.0,0.0,2098
1216,2040951,14484,1.5812,-1,-1,1,-1,-1,1,0,,-1,2015-11-02 17:10:41,0.0,0.0,2098
1217,2040951,14484,1.5812,-1,-1,1,-1,-1,1,0,,-1,2015-11-02 17:10:57,0.0,0.0,2098
1218,2040952,13171,1.17262,-1,-1,1,-1,-1,1,0,,-1,2015-11-02 17:11:04,0.0,0.0,2098
1222,2040953,17132,0.819277,-1,-1,1,-1,-1,1,0,,-1,2015-11-02 17:11:55,0.0,0.0,2098
1227,2040954,3560,5,-1,-1,1,-1,-1,1,0,,-1,2015-11-02 17:12:59,0.0,0.0,2098
1228,2040954,3560,5,-1,-1,1,-1,-1,1,0,,-1,2015-11-02 17:13:15,0.0,0.0,2098
1219,2040955,11080,1.39726,-1,-1,1,-1,-1,1,0,,-1,2015-11-02 17:11:16,0.0,0.0,2098
1220,2040955,11080,1.39726,-1,-1,1,-1,-1,1,0,,-1,2015-11-02 17:11:29,0.0,0.0,2098
1223,2040956,13356,1.39286,-1,-1,1,-1,-1,1,0,,-1,2015-11-02 17:12:02,0.0,0.0,2098
1224,2040956,13356,1.39286,-1,-1,1,-1,-1,1,0,,-1,2015-11-02 17:12:17,0.0,0.0,2098
1229,2040957,5240,1.40458,-1,-1,1,-1,-1,1,0,,-1,2015-11-02 17:13:21,0.0,0.0,2098
1230,2040957,5240,1.40458,-1,-1,1,-1,-1,1,0,,-1,2015-11-02 17:13:34,0.0,0.0,2098
1221,2040958,16655,1.16129,-1,-1,1,-1,-1,1,0,,-1,2015-11-02 17:11:43,0.0,0.0,2098
1225,2040959,7864,0.416667,-1,-1,1,-1,-1,1,0,,-1,2015-11-02 17:12:29,0.0,0.0,2098
1226,2040959,7864,0.416667,-1,-1,1,-1,-1,1,0,,-1,2015-11-02 17:12:45,0.0,0.0,2098
1231,2040960,9992,0.906977,-1,-1,1,-1,-1,1,0,,-1,2015-11-02 17:13:40,0.0,0.0,2098
1253,2040961,7089,1,-1,-1,1,-1,-1,1,0,,-1,2015-11-02 17:22:45,0.0,0.0,2098
1233,2040962,2169,1.73239,-1,-1,1,-1,-1,1,0,,-1,2015-11-02 17:17:02,0.0,0.0,2098
1234,2040962,2169,1.73239,-1,-1,1,-1,-1,1,0,,-1,2015-11-02 17:17:15,0.0,0.0,2098
1235,2040963,32753,0.910615,-1,-1,1,-1,-1,1,0,,-1,2015-11-02 17:17:23,0.0,0.0,2098
1246,2040964,10425,1.72527,-1,-1,1,-1,-1,1,0,,-1,2015-11-02 17:21:05,0.0,0.0,2098
1247,2040964,10425,1.72527,-1,-1,1,-1,-1,1,0,,-1,2015-11-02 17:21:37,0.0,0.0,2098
1245,2040965,16758,1.0241,-1,-1,1,-1,-1,1,0,,-1,2015-11-02 17:20:58,0.0,0.0,2098
1243,2040966,1104,-144.971,-1,-1,1,-1,-1,1,0,,-1,2015-11-02 17:20:37,0.0,0.0,2098
1244,2040966,11043,1.19118,-1,-1,1,-1,-1,1,0,,-1,2015-11-02 17:20:40,0.0,0.0,2098
1236,2040967,15070,0.976331,-1,-1,1,-1,-1,1,0,,-1,2015-11-02 17:19:07,0.0,0.0,2098
1237,2040968,14228,0.962264,-1,-1,1,-1,-1,1,0,,-1,2015-11-02 17:19:13,0.0,0.0,2098
1238,2040969,15512,1.01036,-1,-1,1,-1,-1,1,0,,-1,2015-11-02 17:19:18,0.0,0.0,2098
1248,2040970,7191,1.36842,-1,-1,1,-1,-1,1,0,,-1,2015-11-02 17:21:49,0.0,0.0,2098
1249,2040970,7191,1.36842,-1,-1,1,-1,-1,1,0,,-1,2015-11-02 17:22:07,0.0,0.0,2098
1250,2040971,12563,0.254545,-1,-1,1,-1,-1,1,0,,-1,2015-11-02 17:22:14,0.0,0.0,2098
1251,2040971,12563,0.254545,-1,-1,1,-1,-1,1,0,,-1,2015-11-02 17:22:27,0.0,0.0,2098
1252,2040972,11764,0.89916,-1,-1,1,-1,-1,1,0,,-1,2015-11-02 17:22:35,0.0,0.0,2098
1239,2040973,15458,1.08947,-1,-1,1,-1,-1,1,0,,-1,2015-11-02 17:19:44,0.0,0.0,2098
1240,2040974,13262,1.22018,-1,-1,1,-1,-1,1,0,,-1,2015-11-02 17:19:52,0.0,0.0,2098
1241,2040975,10911,1.95238,-1,-1,1,-1,-1,1,0,,-1,2015-11-02 17:19:58,0.0,0.0,2098
1242,2040975,10911,1.95238,-1,-1,1,-1,-1,1,0,,-1,2015-11-02 17:20:15,0.0,0.0,2098
1271,2040976,5952,0.913333,-1,-1,1,-1,-1,1,0,,-1,2015-11-02 17:30:08,0.0,0.0,2098
1256,2040977,11613,1.12,-1,-1,1,-1,-1,1,0,,-1,2015-11-02 17:26:38,0.0,0.0,2098
1263,2040978,9198,1.15306,-1,-1,1,-1,-1,1,0,,-1,2015-11-02 17:28:24,0.0,0.0,2098
1264,2040979,11956,1.13115,-1,-1,1,-1,-1,1,0,,-1,2015-11-02 17:28:31,0.0,0.0,2098
1265,2040980,17636,0.916129,-1,-1,1,-1,-1,1,0,,-1,2015-11-02 17:28:39,0.0,0.0,2098
1258,2040981,7925,1.09091,-1,-1,1,-1,-1,1,0,,-1,2015-11-02 17:27:13,0.0,0.0,2098
1259,2040982,9213,1.01515,-1,-1,1,-1,-1,1,0,,-1,2015-11-02 17:27:19,0.0,0.0,2098
1269,2040983,20365,0,-1,-1,1,-1,-1,1,0,,-1,2015-11-02 17:29:33,0.0,0.0,2098
1270,2040983,20365,0,-1,-1,1,-1,-1,1,0,,-1,2015-11-02 17:29:54,0.0,0.0,2098
1268,2040984,13144,1.06338,-1,-1,1,-1,-1,1,0,,-1,2015-11-02 17:29:24,0.0,0.0,2098
1266,2040985,12681,1.45161,-1,-1,1,-1,-1,1,0,,-1,2015-11-02 17:28:56,0.0,0.0,2098
1267,2040985,12681,1.45161,-1,-1,1,-1,-1,1,0,,-1,2015-11-02 17:29:16,0.0,0.0,2098
1262,2040986,9806,0.980198,-1,-1,1,-1,-1,1,0,,-1,2015-11-02 17:27:57,0.0,0.0,2098
1261,2040987,10787,0.90099,-1,-1,1,-1,-1,1,0,,-1,2015-11-02 17:27:50,0.0,0.0,2098
1232,2040988,10237,0.985915,-1,-1,1,-1,-1,1,0,,-1,2015-11-02 17:16:26,0.0,0.0,2098
1254,2040989,10892,0.921569,-1,-1,1,-1,-1,1,0,,-1,2015-11-02 17:26:07,0.0,0.0,2098
1255,2040990,8965,1,-1,-1,1,-1,-1,1,0,,-1,2015-11-02 17:26:19,0.0,0.0,2098
1257,2040991,7836,1.14286,-1,-1,1,-1,-1,1,0,,-1,2015-11-02 17:26:59,0.0,0.0,2098
1260,2040992,7761,1.12698,-1,-1,1,-1,-1,1,0,,-1,2015-11-02 17:27:38,0.0,0.0,2098
